   2.000E+00   6.0000000000E+00
   4.000E+00   6.0000000000E+00
   6.000E+00   6.0000000000E+00
   8.000E+00   6.0000020000E+00
   1.000E+01   6.0000480000E+00
   2.500E+01   6.1059560000E+00
   5.000E+01   7.3947740000E+00
   7.500E+01   9.4302080000E+00
   1.000E+02   1.1648897000E+01
   1.250E+02   1.3926049000E+01
   1.500E+02   1.6229845000E+01
   1.750E+02   1.8548755000E+01
   2.000E+02   2.0877527000E+01
   2.250E+02   2.3213411000E+01
   2.500E+02   2.5554824000E+01
   2.750E+02   2.7900793000E+01
   3.000E+02   3.0250682000E+01
   3.250E+02   3.2604066000E+01
   3.500E+02   3.4960645000E+01
   3.750E+02   3.7320212000E+01
   4.000E+02   3.9682623000E+01
   4.250E+02   4.2047786000E+01
   4.500E+02   4.4415654000E+01
   4.750E+02   4.6786227000E+01
   5.000E+02   4.9159545000E+01
   5.250E+02   5.1535695000E+01
   5.500E+02   5.3914810000E+01
   5.750E+02   5.6297071000E+01
   6.000E+02   5.8682704000E+01
   6.250E+02   6.1071985000E+01
   6.500E+02   6.3465233000E+01
   6.750E+02   6.5862811000E+01
   7.000E+02   6.8265120000E+01
   7.250E+02   7.0672600000E+01
   7.500E+02   7.3085722000E+01
   7.750E+02   7.5504985000E+01
   8.000E+02   7.7930913000E+01
   8.250E+02   8.0364048000E+01
   8.500E+02   8.2804950000E+01
   8.750E+02   8.5254189000E+01
   9.000E+02   8.7712343000E+01
   9.250E+02   9.0179996000E+01
   9.500E+02   9.2657732000E+01
   9.750E+02   9.5146135000E+01
   1.000E+03   9.7645786000E+01
   1.025E+03   1.0015725800E+02
   1.050E+03   1.0268112000E+02
   1.075E+03   1.0521792900E+02
   1.100E+03   1.0776823300E+02
   1.125E+03   1.1033257000E+02
   1.150E+03   1.1291146300E+02
   1.175E+03   1.1550542400E+02
   1.200E+03   1.1811495400E+02
   1.225E+03   1.2074053500E+02
   1.250E+03   1.2338264100E+02
   1.275E+03   1.2604172900E+02
   1.300E+03   1.2871824300E+02
   1.325E+03   1.3141261400E+02
   1.350E+03   1.3412525800E+02
   1.375E+03   1.3685658000E+02
   1.400E+03   1.3960697000E+02
   1.425E+03   1.4237680800E+02
   1.450E+03   1.4516645800E+02
   1.475E+03   1.4797627600E+02
   1.500E+03   1.5080660400E+02
   1.525E+03   1.5365777300E+02
   1.550E+03   1.5653010500E+02
   1.575E+03   1.5942391000E+02
   1.600E+03   1.6233948900E+02
   1.625E+03   1.6527713300E+02
   1.650E+03   1.6823712400E+02
   1.675E+03   1.7121973700E+02
   1.700E+03   1.7422523600E+02
   1.725E+03   1.7725387800E+02
   1.750E+03   1.8030591300E+02
   1.775E+03   1.8338158400E+02
   1.800E+03   1.8648112600E+02
   1.825E+03   1.8960476900E+02
   1.850E+03   1.9275273400E+02
   1.875E+03   1.9592523900E+02
   1.900E+03   1.9912249500E+02
   1.925E+03   2.0234470800E+02
   1.950E+03   2.0559207900E+02
   1.975E+03   2.0886480300E+02
   2.000E+03   2.1216307300E+02
   2.025E+03   2.1548707400E+02
   2.050E+03   2.1883699000E+02
   2.075E+03   2.2221300100E+02
   2.100E+03   2.2561528000E+02
   2.125E+03   2.2904400000E+02
   2.150E+03   2.3249933000E+02
   2.175E+03   2.3598143500E+02
   2.200E+03   2.3949047700E+02
   2.225E+03   2.4302661500E+02
   2.250E+03   2.4659000700E+02
   2.275E+03   2.5018080800E+02
   2.300E+03   2.5379916900E+02
   2.325E+03   2.5744523900E+02
   2.350E+03   2.6111916800E+02
   2.375E+03   2.6482110100E+02
   2.400E+03   2.6855118100E+02
   2.425E+03   2.7230955100E+02
   2.450E+03   2.7609635100E+02
   2.475E+03   2.7991172100E+02
   2.500E+03   2.8375579800E+02
   2.525E+03   2.8762871900E+02
   2.550E+03   2.9153061800E+02
   2.575E+03   2.9546163000E+02
   2.600E+03   2.9942188600E+02
   2.625E+03   3.0341152000E+02
   2.650E+03   3.0743066100E+02
   2.675E+03   3.1147944000E+02
   2.700E+03   3.1555798500E+02
   2.725E+03   3.1966642600E+02
   2.750E+03   3.2380489000E+02
   2.775E+03   3.2797350300E+02
   2.800E+03   3.3217239400E+02
   2.825E+03   3.3640168600E+02
   2.850E+03   3.4066150700E+02
   2.875E+03   3.4495198200E+02
   2.900E+03   3.4927323400E+02
   2.925E+03   3.5362538900E+02
   2.950E+03   3.5800857100E+02
   2.975E+03   3.6242290300E+02
   3.000E+03   3.6686851000E+02
   3.025E+03   3.7134551400E+02
   3.050E+03   3.7585404000E+02
   3.075E+03   3.8039421100E+02
   3.100E+03   3.8496615000E+02
   3.125E+03   3.8956997900E+02
   3.150E+03   3.9420582300E+02
   3.175E+03   3.9887380400E+02
   3.200E+03   4.0357404600E+02
   3.225E+03   4.0830667200E+02
   3.250E+03   4.1307180600E+02
   3.275E+03   4.1786956900E+02
   3.300E+03   4.2270008800E+02
   3.325E+03   4.2756348400E+02
   3.350E+03   4.3245988100E+02
   3.375E+03   4.3738940500E+02
   3.400E+03   4.4235217800E+02
   3.425E+03   4.4734832600E+02
   3.450E+03   4.5237797200E+02
   3.475E+03   4.5744124200E+02
   3.500E+03   4.6253826000E+02
   3.525E+03   4.6766915200E+02
   3.550E+03   4.7283404300E+02
   3.575E+03   4.7803305800E+02
   3.600E+03   4.8326632400E+02
   3.625E+03   4.8853396600E+02
   3.650E+03   4.9383611100E+02
   3.675E+03   4.9917288500E+02
   3.700E+03   5.0454441500E+02
   3.725E+03   5.0995082900E+02
   3.750E+03   5.1539225200E+02
   3.775E+03   5.2086881400E+02
   3.800E+03   5.2638064100E+02
   3.825E+03   5.3192786200E+02
   3.850E+03   5.3751060400E+02
   3.875E+03   5.4312899500E+02
   3.900E+03   5.4878316500E+02
   3.925E+03   5.5447324200E+02
   3.950E+03   5.6019935500E+02
   3.975E+03   5.6596163300E+02
   4.000E+03   5.7176020500E+02
   4.025E+03   5.7759520000E+02
   4.050E+03   5.8346674700E+02
   4.075E+03   5.8937497700E+02
   4.100E+03   5.9532001900E+02
   4.125E+03   6.0130200200E+02
   4.150E+03   6.0732105700E+02
   4.175E+03   6.1337731200E+02
   4.200E+03   6.1947089900E+02
   4.225E+03   6.2560194600E+02
   4.250E+03   6.3177058400E+02
   4.275E+03   6.3797694300E+02
   4.300E+03   6.4422115200E+02
   4.325E+03   6.5050334000E+02
   4.350E+03   6.5682363800E+02
   4.375E+03   6.6318217500E+02
   4.400E+03   6.6957908000E+02
   4.425E+03   6.7601448300E+02
   4.450E+03   6.8248851200E+02
   4.475E+03   6.8900129700E+02
   4.500E+03   6.9555296500E+02
   4.525E+03   7.0214364600E+02
   4.550E+03   7.0877346800E+02
   4.575E+03   7.1544255700E+02
   4.600E+03   7.2215104300E+02
   4.625E+03   7.2889905100E+02
   4.650E+03   7.3568670900E+02
   4.675E+03   7.4251414200E+02
   4.700E+03   7.4938147800E+02
   4.725E+03   7.5628884100E+02
   4.750E+03   7.6323635700E+02
   4.775E+03   7.7022414900E+02
   4.800E+03   7.7725234300E+02
   4.825E+03   7.8432106100E+02
   4.850E+03   7.9143042700E+02
   4.875E+03   7.9858056300E+02
   4.900E+03   8.0577159000E+02
   4.925E+03   8.1300363000E+02
   4.950E+03   8.2027680300E+02
   4.975E+03   8.2759122900E+02
   5.000E+03   8.3494702600E+02
   5.025E+03   8.4234431300E+02
   5.050E+03   8.4978320800E+02
   5.075E+03   8.5726382600E+02
   5.100E+03   8.6478628500E+02
   5.125E+03   8.7235069800E+02
   5.150E+03   8.7995718000E+02
   5.175E+03   8.8760584400E+02
   5.200E+03   8.9529680200E+02
   5.225E+03   9.0303016600E+02
   5.250E+03   9.1080604600E+02
   5.275E+03   9.1862455200E+02
   5.300E+03   9.2648579100E+02
   5.325E+03   9.3438987200E+02
   5.350E+03   9.4233690000E+02
   5.375E+03   9.5032698000E+02
   5.400E+03   9.5836021700E+02
   5.425E+03   9.6643671400E+02
   5.450E+03   9.7455657200E+02
   5.475E+03   9.8271989200E+02
   5.500E+03   9.9092677300E+02
   5.525E+03   9.9917731400E+02
   5.550E+03   1.0074716110E+03
   5.575E+03   1.0158097600E+03
   5.600E+03   1.0241918560E+03
   5.625E+03   1.0326179920E+03
   5.650E+03   1.0410882600E+03
   5.675E+03   1.0496027500E+03
   5.700E+03   1.0581615510E+03
   5.725E+03   1.0667647520E+03
   5.750E+03   1.0754124370E+03
   5.775E+03   1.0841046940E+03
   5.800E+03   1.0928416050E+03
   5.825E+03   1.1016232520E+03
   5.850E+03   1.1104497160E+03
   5.875E+03   1.1193210770E+03
   5.900E+03   1.1282374120E+03
   5.925E+03   1.1371987970E+03
   5.950E+03   1.1462053080E+03
   5.975E+03   1.1552570170E+03
   6.000E+03   1.1643539970E+03
