   2.000E+00   1.9607600000E+00
   4.000E+00   3.7337600000E+00
   6.000E+00   5.5132800000E+00
   8.000E+00   7.2936400000E+00
   1.000E+01   9.0743300000E+00
   2.500E+01   2.2432250000E+01
   5.000E+01   4.4698060000E+01
   7.500E+01   6.6965850000E+01
   1.000E+02   8.9246290000E+01
   1.250E+02   1.1160681000E+02
   1.500E+02   1.3421899000E+02
   1.750E+02   1.5734556000E+02
   2.000E+02   1.8129088000E+02
   2.250E+02   2.0635969000E+02
   2.500E+02   2.3283719000E+02
   2.750E+02   2.6098429000E+02
   3.000E+02   2.9104046000E+02
   3.250E+02   3.2322888000E+02
   3.500E+02   3.5776174000E+02
   3.750E+02   3.9484477000E+02
   4.000E+02   4.3468090000E+02
   4.250E+02   4.7747304000E+02
   4.500E+02   5.2342631000E+02
   4.750E+02   5.7274969000E+02
   5.000E+02   6.2565731000E+02
   5.250E+02   6.8236949000E+02
   5.500E+02   7.4311353000E+02
   5.750E+02   8.0812434000E+02
   6.000E+02   8.7764499000E+02
   6.250E+02   9.5192712000E+02
   6.500E+02   1.0312313500E+03
   6.750E+02   1.1158275900E+03
   7.000E+02   1.2059953600E+03
   7.250E+02   1.3020240000E+03
   7.500E+02   1.4042129800E+03
   7.750E+02   1.5128721000E+03
   8.000E+02   1.6283217200E+03
   8.250E+02   1.7508929900E+03
   8.500E+02   1.8809280200E+03
   8.750E+02   2.0187801600E+03
   9.000E+02   2.1648141200E+03
   9.250E+02   2.3194062300E+03
   9.500E+02   2.4829446100E+03
   9.750E+02   2.6558293700E+03
   1.000E+03   2.8384728000E+03
   1.025E+03   3.0312995900E+03
   1.050E+03   3.2347470000E+03
   1.075E+03   3.4492650200E+03
   1.100E+03   3.6753166200E+03
   1.125E+03   3.9133779000E+03
   1.150E+03   4.1639382600E+03
   1.175E+03   4.4275006100E+03
   1.200E+03   4.7045815500E+03
   1.225E+03   4.9957115000E+03
   1.250E+03   5.3014349600E+03
   1.275E+03   5.6223106000E+03
   1.300E+03   5.9589114700E+03
   1.325E+03   6.3118251800E+03
   1.350E+03   6.6816540200E+03
   1.375E+03   7.0690151600E+03
   1.400E+03   7.4745408300E+03
   1.425E+03   7.8988784000E+03
   1.450E+03   8.3426906200E+03
   1.475E+03   8.8066557300E+03
   1.500E+03   9.2914676100E+03
   1.525E+03   9.7978359300E+03
   1.550E+03   1.0326486300E+04
   1.575E+03   1.0878160500E+04
   1.600E+03   1.1453616300E+04
   1.625E+03   1.2053628200E+04
   1.650E+03   1.2678986800E+04
   1.675E+03   1.3330499500E+04
   1.700E+03   1.4008990600E+04
   1.725E+03   1.4715301200E+04
   1.750E+03   1.5450289100E+04
   1.775E+03   1.6214829800E+04
   1.800E+03   1.7009815600E+04
   1.825E+03   1.7836156400E+04
   1.850E+03   1.8694779500E+04
   1.875E+03   1.9586629900E+04
   1.900E+03   2.0512670100E+04
   1.925E+03   2.1473880700E+04
   1.950E+03   2.2471260000E+04
   1.975E+03   2.3505824400E+04
   2.000E+03   2.4578608500E+04
   2.025E+03   2.5690665000E+04
   2.050E+03   2.6843064900E+04
   2.075E+03   2.8036897800E+04
   2.100E+03   2.9273271400E+04
   2.125E+03   3.0553312400E+04
   2.150E+03   3.1878165700E+04
   2.175E+03   3.3248995200E+04
   2.200E+03   3.4666983400E+04
   2.225E+03   3.6133331700E+04
   2.250E+03   3.7649260400E+04
   2.275E+03   3.9216008600E+04
   2.300E+03   4.0834834400E+04
   2.325E+03   4.2507015000E+04
   2.350E+03   4.4233846400E+04
   2.375E+03   4.6016643900E+04
   2.400E+03   4.7856741600E+04
   2.425E+03   4.9755492800E+04
   2.450E+03   5.1714269900E+04
   2.475E+03   5.3734464200E+04
   2.500E+03   5.5817485900E+04
   2.525E+03   5.7964764600E+04
   2.550E+03   6.0177748300E+04
   2.575E+03   6.2457904300E+04
   2.600E+03   6.4806718400E+04
   2.625E+03   6.7225695500E+04
   2.650E+03   6.9716358700E+04
   2.675E+03   7.2280250100E+04
   2.700E+03   7.4918929800E+04
   2.725E+03   7.7633976700E+04
   2.750E+03   8.0426987500E+04
   2.775E+03   8.3299577200E+04
   2.800E+03   8.6253378400E+04
   2.825E+03   8.9290041800E+04
   2.850E+03   9.2411235400E+04
   2.875E+03   9.5618644400E+04
   2.900E+03   9.8913971400E+04
   2.925E+03   1.0229893600E+05
   2.950E+03   1.0577527300E+05
   2.975E+03   1.0934473700E+05
   3.000E+03   1.1300909500E+05
   3.025E+03   1.1677013200E+05
   3.050E+03   1.2062964800E+05
   3.075E+03   1.2458945900E+05
   3.100E+03   1.2865139500E+05
   3.125E+03   1.3281730000E+05
   3.150E+03   1.3708903400E+05
   3.175E+03   1.4146847100E+05
   3.200E+03   1.4595749700E+05
   3.225E+03   1.5055801200E+05
   3.250E+03   1.5527193000E+05
   3.275E+03   1.6010117600E+05
   3.300E+03   1.6504768600E+05
   3.325E+03   1.7011341100E+05
   3.350E+03   1.7530031100E+05
   3.375E+03   1.8061035600E+05
   3.400E+03   1.8604552800E+05
   3.425E+03   1.9160781800E+05
   3.450E+03   1.9729922700E+05
   3.475E+03   2.0312176400E+05
   3.500E+03   2.0907744700E+05
   3.525E+03   2.1516830200E+05
   3.550E+03   2.2139636300E+05
   3.575E+03   2.2776367000E+05
   3.600E+03   2.3427226900E+05
   3.625E+03   2.4092421400E+05
   3.650E+03   2.4772156300E+05
   3.675E+03   2.5466637900E+05
   3.700E+03   2.6176072900E+05
   3.725E+03   2.6900668400E+05
   3.750E+03   2.7640632000E+05
   3.775E+03   2.8396171500E+05
   3.800E+03   2.9167494700E+05
   3.825E+03   2.9954809800E+05
   3.850E+03   3.0758325100E+05
   3.875E+03   3.1578249000E+05
   3.900E+03   3.2414789800E+05
   3.925E+03   3.3268155700E+05
   3.950E+03   3.4138555100E+05
   3.975E+03   3.5026195900E+05
   4.000E+03   3.5931286000E+05
   4.025E+03   3.6854033000E+05
   4.050E+03   3.7794644300E+05
   4.075E+03   3.8753326600E+05
   4.100E+03   3.9730286500E+05
   4.125E+03   4.0725730000E+05
   4.150E+03   4.1739862800E+05
   4.175E+03   4.2772889600E+05
   4.200E+03   4.3825014800E+05
   4.225E+03   4.4896442000E+05
   4.250E+03   4.5987374200E+05
   4.275E+03   4.7098013500E+05
   4.300E+03   4.8228561200E+05
   4.325E+03   4.9379217800E+05
   4.350E+03   5.0550182700E+05
   4.375E+03   5.1741654600E+05
   4.400E+03   5.2953830900E+05
   4.425E+03   5.4186908100E+05
   4.450E+03   5.5441081700E+05
   4.475E+03   5.6716545700E+05
   4.500E+03   5.8013493400E+05
   4.525E+03   5.9332116300E+05
   4.550E+03   6.0672605100E+05
   4.575E+03   6.2035149000E+05
   4.600E+03   6.3419935700E+05
   4.625E+03   6.4827151700E+05
   4.650E+03   6.6256981900E+05
   4.675E+03   6.7709609900E+05
   4.700E+03   6.9185217600E+05
   4.725E+03   7.0683985600E+05
   4.750E+03   7.2206092500E+05
   4.775E+03   7.3751715700E+05
   4.800E+03   7.5321030700E+05
   4.825E+03   7.6914211400E+05
   4.850E+03   7.8531430000E+05
   4.875E+03   8.0172856800E+05
   4.900E+03   8.1838660500E+05
   4.925E+03   8.3529007800E+05
   4.950E+03   8.5244063800E+05
   4.975E+03   8.6983991600E+05
   5.000E+03   8.8748952300E+05
