   2.000E+00   3.7711200000E+00
   4.000E+00   7.6990900000E+00
   6.000E+00   1.3088290000E+01
   8.000E+00   2.0481470000E+01
   1.000E+01   2.9778570000E+01
   2.500E+01   1.4588418000E+02
   5.000E+01   4.6404274000E+02
   7.500E+01   8.9552237000E+02
   1.000E+02   1.4287831800E+03
   1.250E+02   2.0666939300E+03
   1.500E+02   2.8159333000E+03
   1.750E+02   3.6840050400E+03
   2.000E+02   4.6788931100E+03
   2.250E+02   5.8093067700E+03
   2.500E+02   7.0849090800E+03
   2.750E+02   8.5164253800E+03
   3.000E+02   1.0115659280E+04
   3.250E+02   1.1895459040E+04
   3.500E+02   1.3869665800E+04
   3.750E+02   1.6053061550E+04
   4.000E+02   1.8461325650E+04
   4.250E+02   2.1111002940E+04
   4.500E+02   2.4019483730E+04
   4.750E+02   2.7204994550E+04
   5.000E+02   3.0686598070E+04
   5.250E+02   3.4484200350E+04
   5.500E+02   3.8618563730E+04
   5.750E+02   4.3111323810E+04
   6.000E+02   4.7985008950E+04
   6.250E+02   5.3263060970E+04
   6.500E+02   5.8969855750E+04
   6.750E+02   6.5130722550E+04
   7.000E+02   7.1771960870E+04
   7.250E+02   7.8920853850E+04
   7.500E+02   8.6605677250E+04
   7.750E+02   9.4855703020E+04
   8.000E+02   1.0370119681E+05
   8.250E+02   1.1317340880E+05
   8.500E+02   1.2330455718E+05
   8.750E+02   1.3412780414E+05
   9.000E+02   1.4567722412E+05
   9.250E+02   1.5798776419E+05
   9.500E+02   1.7109519693E+05
   9.750E+02   1.8503606581E+05
   1.000E+03   1.9984762378E+05
   1.025E+03   2.1556776535E+05
   1.050E+03   2.3223495296E+05
   1.075E+03   2.4988813827E+05
   1.100E+03   2.6856667919E+05
   1.125E+03   2.8831025334E+05
   1.150E+03   3.0915876896E+05
   1.175E+03   3.3115227385E+05
   1.200E+03   3.5433086333E+05
   1.225E+03   3.7873458790E+05
   1.250E+03   4.0440336141E+05
   1.275E+03   4.3137687026E+05
   1.300E+03   4.5969448457E+05
   1.325E+03   4.8939517150E+05
   1.350E+03   5.2051741158E+05
   1.375E+03   5.5309911828E+05
   1.400E+03   5.8717756130E+05
   1.425E+03   6.2278929384E+05
   1.450E+03   6.5997008416E+05
   1.475E+03   6.9875485158E+05
   1.500E+03   7.3917760716E+05
   1.525E+03   7.8127139899E+05
   1.550E+03   8.2506826231E+05
   1.575E+03   8.7059917442E+05
   1.600E+03   9.1789401425E+05
   1.625E+03   9.6698152665E+05
   1.650E+03   1.0178892913E+06
   1.675E+03   1.0706436961E+06
   1.700E+03   1.1252699147E+06
   1.725E+03   1.1817918887E+06
   1.750E+03   1.2402323129E+06
   1.775E+03   1.3006126257E+06
   1.800E+03   1.3629530020E+06
   1.825E+03   1.4272723504E+06
   1.850E+03   1.4935883125E+06
   1.875E+03   1.5619172669E+06
   1.900E+03   1.6322743342E+06
   1.925E+03   1.7046733863E+06
   1.950E+03   1.7791270572E+06
   1.975E+03   1.8556467559E+06
   2.000E+03   1.9342426821E+06
   2.025E+03   2.0149238436E+06
   2.050E+03   2.0976980745E+06
   2.075E+03   2.1825720565E+06
   2.100E+03   2.2695513400E+06
   2.125E+03   2.3586403679E+06
   2.150E+03   2.4498424988E+06
   2.175E+03   2.5431600331E+06
   2.200E+03   2.6385942380E+06
   2.225E+03   2.7361453744E+06
   2.250E+03   2.8358127243E+06
   2.275E+03   2.9375946176E+06
   2.300E+03   3.0414884608E+06
   2.325E+03   3.1474907647E+06
   2.350E+03   3.2555971727E+06
   2.375E+03   3.3658024895E+06
   2.400E+03   3.4781007092E+06
   2.425E+03   3.5924850441E+06
   2.450E+03   3.7089479525E+06
   2.475E+03   3.8274811667E+06
   2.500E+03   3.9480757215E+06
   2.525E+03   4.0707219809E+06
   2.550E+03   4.1954096659E+06
   2.575E+03   4.3221278813E+06
   2.600E+03   4.4508651417E+06
   2.625E+03   4.5816093981E+06
   2.650E+03   4.7143480634E+06
   2.675E+03   4.8490680372E+06
   2.700E+03   4.9857557306E+06
   2.725E+03   5.1243970905E+06
   2.750E+03   5.2649776226E+06
   2.775E+03   5.4074824153E+06
   2.800E+03   5.5518961612E+06
   2.825E+03   5.6982031800E+06
   2.850E+03   5.8463874391E+06
   2.875E+03   5.9964325748E+06
   2.900E+03   6.1483219124E+06
   2.925E+03   6.3020384859E+06
   2.950E+03   6.4575650571E+06
   2.975E+03   6.6148841343E+06
   3.000E+03   6.7739779898E+06
   3.025E+03   6.9348286780E+06
   3.050E+03   7.0974180516E+06
   3.075E+03   7.2617277785E+06
   3.100E+03   7.4277393570E+06
   3.125E+03   7.5954341318E+06
   3.150E+03   7.7647933080E+06
   3.175E+03   7.9357979658E+06
   3.200E+03   8.1084290739E+06
   3.225E+03   8.2826675032E+06
   3.250E+03   8.4584940388E+06
   3.275E+03   8.6358893932E+06
   3.300E+03   8.8148342173E+06
   3.325E+03   8.9953091121E+06
   3.350E+03   9.1772946396E+06
   3.375E+03   9.3607713334E+06
   3.400E+03   9.5457197084E+06
   3.425E+03   9.7321202708E+06
   3.450E+03   9.9199535271E+06
   3.475E+03   1.0109199993E+07
   3.500E+03   1.0299840202E+07
   3.525E+03   1.0491854715E+07
   3.550E+03   1.0685224122E+07
   3.575E+03   1.0879929060E+07
   3.600E+03   1.1075950210E+07
   3.625E+03   1.1273268308E+07
   3.650E+03   1.1471864154E+07
   3.675E+03   1.1671718613E+07
   3.700E+03   1.1872812623E+07
   3.725E+03   1.2075127203E+07
   3.750E+03   1.2278643454E+07
   3.775E+03   1.2483342567E+07
   3.800E+03   1.2689205825E+07
   3.825E+03   1.2896214612E+07
   3.850E+03   1.3104350414E+07
   3.875E+03   1.3313594820E+07
   3.900E+03   1.3523929534E+07
   3.925E+03   1.3735336370E+07
   3.950E+03   1.3947797262E+07
   3.975E+03   1.4161294263E+07
   4.000E+03   1.4375809549E+07
   4.025E+03   1.4591325422E+07
   4.050E+03   1.4807824313E+07
   4.075E+03   1.5025288784E+07
   4.100E+03   1.5243701531E+07
   4.125E+03   1.5463045383E+07
   4.150E+03   1.5683303309E+07
   4.175E+03   1.5904458415E+07
   4.200E+03   1.6126493949E+07
   4.225E+03   1.6349393300E+07
   4.250E+03   1.6573140001E+07
   4.275E+03   1.6797717730E+07
   4.300E+03   1.7023110309E+07
   4.325E+03   1.7249301711E+07
   4.350E+03   1.7476276052E+07
   4.375E+03   1.7704017599E+07
   4.400E+03   1.7932510767E+07
   4.425E+03   1.8161740122E+07
   4.450E+03   1.8391690379E+07
   4.475E+03   1.8622346405E+07
   4.500E+03   1.8853693215E+07
   4.525E+03   1.9085715978E+07
   4.550E+03   1.9318400012E+07
   4.575E+03   1.9551730789E+07
   4.600E+03   1.9785693929E+07
   4.625E+03   2.0020275206E+07
   4.650E+03   2.0255460542E+07
   4.675E+03   2.0491236013E+07
   4.700E+03   2.0727587844E+07
   4.725E+03   2.0964502410E+07
   4.750E+03   2.1201966235E+07
   4.775E+03   2.1439965995E+07
   4.800E+03   2.1678488513E+07
   4.825E+03   2.1917520760E+07
   4.850E+03   2.2157049857E+07
   4.875E+03   2.2397063069E+07
   4.900E+03   2.2637547812E+07
   4.925E+03   2.2878491643E+07
   4.950E+03   2.3119882268E+07
   4.975E+03   2.3361707535E+07
   5.000E+03   2.3603955437E+07
   5.025E+03   2.3846614109E+07
   5.050E+03   2.4089671829E+07
   5.075E+03   2.4333117014E+07
   5.100E+03   2.4576938225E+07
   5.125E+03   2.4821124157E+07
   5.150E+03   2.5065663649E+07
   5.175E+03   2.5310545673E+07
   5.200E+03   2.5555759339E+07
   5.225E+03   2.5801293894E+07
   5.250E+03   2.6047138716E+07
   5.275E+03   2.6293283320E+07
   5.300E+03   2.6539717352E+07
   5.325E+03   2.6786430587E+07
   5.350E+03   2.7033412934E+07
   5.375E+03   2.7280654429E+07
   5.400E+03   2.7528145236E+07
   5.425E+03   2.7775875648E+07
   5.450E+03   2.8023836081E+07
   5.475E+03   2.8272017079E+07
   5.500E+03   2.8520409306E+07
   5.525E+03   2.8769003553E+07
   5.550E+03   2.9017790729E+07
   5.575E+03   2.9266761864E+07
   5.600E+03   2.9515908108E+07
   5.625E+03   2.9765220730E+07
   5.650E+03   3.0014691113E+07
   5.675E+03   3.0264310760E+07
   5.700E+03   3.0514071284E+07
   5.725E+03   3.0763964416E+07
   5.750E+03   3.1013981996E+07
   5.775E+03   3.1264115977E+07
   5.800E+03   3.1514358424E+07
   5.825E+03   3.1764701506E+07
   5.850E+03   3.2015137506E+07
   5.875E+03   3.2265658809E+07
   5.900E+03   3.2516257908E+07
   5.925E+03   3.2766927401E+07
   5.950E+03   3.3017659989E+07
   5.975E+03   3.3268448474E+07
   6.000E+03   3.3519285761E+07
