   2.000E+00   0.0000000000E+00
   4.000E+00   0.0000000000E+00
   6.000E+00   0.0000000000E+00
   8.000E+00   0.0000000000E+00
   1.000E+01   1.0000000000E-03
   2.500E+01   2.3100000000E-01
   5.000E+01   2.0220000000E+00
   7.500E+01   4.5840000000E+00
   1.000E+02   7.3970000000E+00
   1.250E+02   1.0403000000E+01
   1.500E+02   1.3619000000E+01
   1.750E+02   1.7061000000E+01
   2.000E+02   2.0733000000E+01
   2.250E+02   2.4631000000E+01
   2.500E+02   2.8748000000E+01
   2.750E+02   3.3077000000E+01
   3.000E+02   3.7609000000E+01
   3.250E+02   4.2338000000E+01
   3.500E+02   4.7257000000E+01
   3.750E+02   5.2362000000E+01
   4.000E+02   5.7650000000E+01
   4.250E+02   6.3116000000E+01
   4.500E+02   6.8761000000E+01
   4.750E+02   7.4582000000E+01
   5.000E+02   8.0581000000E+01
   5.250E+02   8.6758000000E+01
   5.500E+02   9.3118000000E+01
   5.750E+02   9.9662000000E+01
   6.000E+02   1.0639500000E+02
   6.250E+02   1.1332300000E+02
   6.500E+02   1.2045100000E+02
   6.750E+02   1.2778600000E+02
   7.000E+02   1.3533400000E+02
   7.250E+02   1.4310400000E+02
   7.500E+02   1.5110300000E+02
   7.750E+02   1.5934000000E+02
   8.000E+02   1.6782400000E+02
   8.250E+02   1.7656400000E+02
   8.500E+02   1.8557100000E+02
   8.750E+02   1.9485400000E+02
   9.000E+02   2.0442200000E+02
   9.250E+02   2.1428800000E+02
   9.500E+02   2.2446100000E+02
   9.750E+02   2.3495300000E+02
   1.000E+03   2.4577500000E+02
   1.025E+03   2.5693800000E+02
   1.050E+03   2.6845400000E+02
   1.075E+03   2.8033600000E+02
   1.100E+03   2.9259500000E+02
   1.125E+03   3.0524300000E+02
   1.150E+03   3.1829400000E+02
   1.175E+03   3.3176000000E+02
   1.200E+03   3.4565500000E+02
   1.225E+03   3.5999100000E+02
   1.250E+03   3.7478200000E+02
   1.275E+03   3.9004200000E+02
   1.300E+03   4.0578500000E+02
   1.325E+03   4.2202500000E+02
   1.350E+03   4.3877700000E+02
   1.375E+03   4.5605500000E+02
   1.400E+03   4.7387500000E+02
   1.425E+03   4.9225300000E+02
   1.450E+03   5.1120200000E+02
   1.475E+03   5.3074100000E+02
   1.500E+03   5.5088400000E+02
   1.525E+03   5.7164800000E+02
   1.550E+03   5.9305000000E+02
   1.575E+03   6.1510800000E+02
   1.600E+03   6.3783800000E+02
   1.625E+03   6.6125900000E+02
   1.650E+03   6.8538700000E+02
   1.675E+03   7.1024300000E+02
   1.700E+03   7.3584500000E+02
   1.725E+03   7.6221100000E+02
   1.750E+03   7.8936100000E+02
   1.775E+03   8.1731500000E+02
   1.800E+03   8.4609400000E+02
   1.825E+03   8.7571700000E+02
   1.850E+03   9.0620600000E+02
   1.875E+03   9.3758200000E+02
   1.900E+03   9.6986600000E+02
   1.925E+03   1.0030810000E+03
   1.950E+03   1.0372500000E+03
   1.975E+03   1.0723950000E+03
   2.000E+03   1.1085390000E+03
   2.025E+03   1.1457070000E+03
   2.050E+03   1.1839220000E+03
   2.075E+03   1.2232100000E+03
   2.100E+03   1.2635940000E+03
   2.125E+03   1.3051010000E+03
   2.150E+03   1.3477570000E+03
   2.175E+03   1.3915870000E+03
   2.200E+03   1.4366190000E+03
   2.225E+03   1.4828800000E+03
   2.250E+03   1.5303980000E+03
   2.275E+03   1.5792010000E+03
   2.300E+03   1.6293180000E+03
   2.325E+03   1.6807770000E+03
   2.350E+03   1.7336090000E+03
   2.375E+03   1.7878440000E+03
   2.400E+03   1.8435130000E+03
   2.425E+03   1.9006460000E+03
   2.450E+03   1.9592750000E+03
   2.475E+03   2.0194320000E+03
   2.500E+03   2.0811510000E+03
   2.525E+03   2.1444640000E+03
   2.550E+03   2.2094040000E+03
   2.575E+03   2.2760070000E+03
   2.600E+03   2.3443070000E+03
   2.625E+03   2.4143390000E+03
   2.650E+03   2.4861380000E+03
   2.675E+03   2.5597420000E+03
   2.700E+03   2.6351860000E+03
   2.725E+03   2.7125080000E+03
   2.750E+03   2.7917470000E+03
   2.775E+03   2.8729400000E+03
   2.800E+03   2.9561260000E+03
   2.825E+03   3.0413450000E+03
   2.850E+03   3.1286360000E+03
   2.875E+03   3.2180400000E+03
   2.900E+03   3.3095980000E+03
   2.925E+03   3.4033520000E+03
   2.950E+03   3.4993430000E+03
   2.975E+03   3.5976130000E+03
   3.000E+03   3.6982070000E+03
   3.025E+03   3.8011660000E+03
   3.050E+03   3.9065360000E+03
   3.075E+03   4.0143610000E+03
   3.100E+03   4.1246850000E+03
   3.125E+03   4.2375550000E+03
   3.150E+03   4.3530150000E+03
   3.175E+03   4.4711130000E+03
   3.200E+03   4.5918950000E+03
   3.225E+03   4.7154080000E+03
   3.250E+03   4.8417010000E+03
   3.275E+03   4.9708210000E+03
   3.300E+03   5.1028180000E+03
   3.325E+03   5.2377390000E+03
   3.350E+03   5.3756360000E+03
   3.375E+03   5.5165570000E+03
   3.400E+03   5.6605530000E+03
   3.425E+03   5.8076740000E+03
   3.450E+03   5.9579720000E+03
   3.475E+03   6.1114980000E+03
   3.500E+03   6.2683040000E+03
   3.525E+03   6.4284430000E+03
   3.550E+03   6.5919660000E+03
   3.575E+03   6.7589260000E+03
   3.600E+03   6.9293770000E+03
   3.625E+03   7.1033720000E+03
   3.650E+03   7.2809660000E+03
   3.675E+03   7.4622110000E+03
   3.700E+03   7.6471630000E+03
   3.725E+03   7.8358750000E+03
   3.750E+03   8.0284040000E+03
   3.775E+03   8.2248030000E+03
   3.800E+03   8.4251290000E+03
   3.825E+03   8.6294370000E+03
   3.850E+03   8.8377820000E+03
   3.875E+03   9.0502210000E+03
   3.900E+03   9.2668100000E+03
   3.925E+03   9.4876050000E+03
   3.950E+03   9.7126630000E+03
   3.975E+03   9.9420390000E+03
   4.000E+03   1.0175791000E+04
   4.025E+03   1.0413976000E+04
   4.050E+03   1.0656651000E+04
   4.075E+03   1.0903871000E+04
   4.100E+03   1.1155696000E+04
   4.125E+03   1.1412181000E+04
   4.150E+03   1.1673385000E+04
   4.175E+03   1.1939363000E+04
   4.200E+03   1.2210174000E+04
   4.225E+03   1.2485874000E+04
   4.250E+03   1.2766522000E+04
   4.275E+03   1.3052173000E+04
   4.300E+03   1.3342886000E+04
   4.325E+03   1.3638717000E+04
   4.350E+03   1.3939723000E+04
   4.375E+03   1.4245962000E+04
   4.400E+03   1.4557490000E+04
   4.425E+03   1.4874364000E+04
   4.450E+03   1.5196641000E+04
   4.475E+03   1.5524378000E+04
   4.500E+03   1.5857630000E+04
   4.525E+03   1.6196454000E+04
   4.550E+03   1.6540906000E+04
   4.575E+03   1.6891043000E+04
   4.600E+03   1.7246919000E+04
   4.625E+03   1.7608590000E+04
   4.650E+03   1.7976113000E+04
   4.675E+03   1.8349541000E+04
   4.700E+03   1.8728930000E+04
   4.725E+03   1.9114334000E+04
   4.750E+03   1.9505808000E+04
   4.775E+03   1.9903406000E+04
   4.800E+03   2.0307181000E+04
   4.825E+03   2.0717188000E+04
   4.850E+03   2.1133479000E+04
   4.875E+03   2.1556107000E+04
   4.900E+03   2.1985126000E+04
   4.925E+03   2.2420586000E+04
   4.950E+03   2.2862541000E+04
   4.975E+03   2.3311042000E+04
   5.000E+03   2.3766140000E+04
   5.500E+03   3.4790358000E+04
   6.000E+03   4.9431188000E+04
   6.500E+03   6.8178249000E+04
   7.000E+03   9.1465603000E+04
   7.500E+03   1.1962012300E+05
   8.000E+03   1.5285653900E+05
   8.500E+03   1.9128161100E+05
   9.000E+03   2.3490428900E+05
