   2.000E+00   1.2000000000E+01
   4.000E+00   1.2000005183E+01
   6.000E+00   1.2000988939E+01
   8.000E+00   1.2013660069E+01
   1.000E+01   1.2066012360E+01
   2.500E+01   1.4926576567E+01
   5.000E+01   2.3632880900E+01
   7.500E+01   3.2971238423E+01
   1.000E+02   4.2438407732E+01
   1.250E+02   5.1962139388E+01
   1.500E+02   6.1520845164E+01
   1.750E+02   7.1105801206E+01
   2.000E+02   8.0712867987E+01
   2.250E+02   9.0340012798E+01
   2.500E+02   9.9986530077E+01
   2.750E+02   1.0965287864E+02
   3.000E+02   1.1934073004E+02
   3.250E+02   1.2905303702E+02
   3.500E+02   1.3879403687E+02
   3.750E+02   1.4856916775E+02
   4.000E+02   1.5838491161E+02
   4.250E+02   1.6824859086E+02
   4.500E+02   1.7816814724E+02
   4.750E+02   1.8815192565E+02
   5.000E+02   1.9820847815E+02
   5.250E+02   2.0834639664E+02
   5.500E+02   2.1857417701E+02
   5.750E+02   2.2890011429E+02
   6.000E+02   2.3933222576E+02
   6.250E+02   2.4987819839E+02
   6.500E+02   2.6054535611E+02
   6.750E+02   2.7134064315E+02
   7.000E+02   2.8227061963E+02
   7.250E+02   2.9334146640E+02
   7.500E+02   3.0455899653E+02
   7.750E+02   3.1592867130E+02
   8.000E+02   3.2745561921E+02
   8.250E+02   3.3914465665E+02
   8.500E+02   3.5100030928E+02
   8.750E+02   3.6302683356E+02
   9.000E+02   3.7522823770E+02
   9.250E+02   3.8760830202E+02
   9.500E+02   4.0017059818E+02
   9.750E+02   4.1291850735E+02
   1.000E+03   4.2585523721E+02
   1.025E+03   4.3898383772E+02
   1.050E+03   4.5230721574E+02
   1.075E+03   4.6582814846E+02
   1.100E+03   4.7954929576E+02
   1.125E+03   4.9347321158E+02
   1.150E+03   5.0760235431E+02
   1.175E+03   5.2193909623E+02
   1.200E+03   5.3648573225E+02
   1.225E+03   5.5124448779E+02
   1.250E+03   5.6621752606E+02
   1.275E+03   5.8140695465E+02
   1.300E+03   5.9681483161E+02
   1.325E+03   6.1244317092E+02
   1.350E+03   6.2829394764E+02
   1.375E+03   6.4436910248E+02
   1.400E+03   6.6067054612E+02
   1.425E+03   6.7720016306E+02
   1.450E+03   6.9395981531E+02
   1.475E+03   7.1095134563E+02
   1.500E+03   7.2817658068E+02
   1.525E+03   7.4563733380E+02
   1.550E+03   7.6333540767E+02
   1.575E+03   7.8127259678E+02
   1.600E+03   7.9945068970E+02
   1.625E+03   8.1787147118E+02
   1.650E+03   8.3653672417E+02
   1.675E+03   8.5544823169E+02
   1.700E+03   8.7460777854E+02
   1.725E+03   8.9401715298E+02
   1.750E+03   9.1367814823E+02
   1.775E+03   9.3359256395E+02
   1.800E+03   9.5376220757E+02
   1.825E+03   9.7418889560E+02
   1.850E+03   9.9487445484E+02
   1.875E+03   1.0158207235E+03
   1.900E+03   1.0370295521E+03
   1.925E+03   1.0585028050E+03
   1.950E+03   1.0802423604E+03
   1.975E+03   1.1022501123E+03
   2.000E+03   1.1245279703E+03
   2.025E+03   1.1470778610E+03
   2.050E+03   1.1699017285E+03
   2.075E+03   1.1930015347E+03
   2.100E+03   1.2163792603E+03
   2.125E+03   1.2400369050E+03
   2.150E+03   1.2639764881E+03
   2.175E+03   1.2882000486E+03
   2.200E+03   1.3127096457E+03
   2.225E+03   1.3375073590E+03
   2.250E+03   1.3625952885E+03
   2.275E+03   1.3879755551E+03
   2.300E+03   1.4136503002E+03
   2.325E+03   1.4396216857E+03
   2.350E+03   1.4658918944E+03
   2.375E+03   1.4924631291E+03
   2.400E+03   1.5193376131E+03
   2.425E+03   1.5465175895E+03
   2.450E+03   1.5740053209E+03
   2.475E+03   1.6018030890E+03
   2.500E+03   1.6299131945E+03
   2.525E+03   1.6583379561E+03
   2.550E+03   1.6870797100E+03
   2.575E+03   1.7161408095E+03
   2.600E+03   1.7455236243E+03
   2.625E+03   1.7752305396E+03
   2.650E+03   1.8052639554E+03
   2.675E+03   1.8356262855E+03
   2.700E+03   1.8663199572E+03
   2.725E+03   1.8973474095E+03
   2.750E+03   1.9287110929E+03
   2.775E+03   1.9604134681E+03
   2.800E+03   1.9924570048E+03
   2.825E+03   2.0248441809E+03
   2.850E+03   2.0575774815E+03
   2.875E+03   2.0906593972E+03
   2.900E+03   2.1240924237E+03
   2.925E+03   2.1578790598E+03
   2.950E+03   2.1920218070E+03
   2.975E+03   2.2265231677E+03
   3.000E+03   2.2613856443E+03
   3.025E+03   2.2966117377E+03
   3.050E+03   2.3322039461E+03
   3.075E+03   2.3681647639E+03
   3.100E+03   2.4044966802E+03
   3.125E+03   2.4412021774E+03
   3.150E+03   2.4782837305E+03
   3.175E+03   2.5157438050E+03
   3.200E+03   2.5535848563E+03
   3.225E+03   2.5918093280E+03
   3.250E+03   2.6304196506E+03
   3.275E+03   2.6694182405E+03
   3.300E+03   2.7088074987E+03
   3.325E+03   2.7485898093E+03
   3.350E+03   2.7887675384E+03
   3.375E+03   2.8293430328E+03
   3.400E+03   2.8703186192E+03
   3.425E+03   2.9116966023E+03
   3.450E+03   2.9534792641E+03
   3.475E+03   2.9956688628E+03
   3.500E+03   3.0382676312E+03
   3.525E+03   3.0812777763E+03
   3.550E+03   3.1247014776E+03
   3.575E+03   3.1685408861E+03
   3.600E+03   3.2127981238E+03
   3.625E+03   3.2574752820E+03
   3.650E+03   3.3025744207E+03
   3.675E+03   3.3480975678E+03
   3.700E+03   3.3940467176E+03
   3.725E+03   3.4404238306E+03
   3.750E+03   3.4872308320E+03
   3.775E+03   3.5344696114E+03
   3.800E+03   3.5821420217E+03
   3.825E+03   3.6302498784E+03
   3.850E+03   3.6787949586E+03
   3.875E+03   3.7277790010E+03
   3.900E+03   3.7772037043E+03
   3.925E+03   3.8270707272E+03
   3.950E+03   3.8773816878E+03
   3.975E+03   3.9281381623E+03
   4.000E+03   3.9793416855E+03
   4.025E+03   4.0309937493E+03
   4.050E+03   4.0830958030E+03
   4.075E+03   4.1356492520E+03
   4.100E+03   4.1886554584E+03
   4.125E+03   4.2421157397E+03
   4.150E+03   4.2960313688E+03
   4.175E+03   4.3504035738E+03
   4.200E+03   4.4052335373E+03
   4.225E+03   4.4605223967E+03
   4.250E+03   4.5162712432E+03
   4.275E+03   4.5724811223E+03
   4.300E+03   4.6291530330E+03
   4.325E+03   4.6862879281E+03
   4.350E+03   4.7438867140E+03
   4.375E+03   4.8019502500E+03
   4.400E+03   4.8604793492E+03
   4.425E+03   4.9194747774E+03
   4.450E+03   4.9789372541E+03
   4.475E+03   5.0388674514E+03
   4.500E+03   5.0992659950E+03
   4.525E+03   5.1601334634E+03
   4.550E+03   5.2214703888E+03
   4.575E+03   5.2832772563E+03
   4.600E+03   5.3455545046E+03
   4.625E+03   5.4083025260E+03
   4.650E+03   5.4715216663E+03
   4.675E+03   5.5352122252E+03
   4.700E+03   5.5993744564E+03
   4.725E+03   5.6640085679E+03
   4.750E+03   5.7291147221E+03
   4.775E+03   5.7946930357E+03
   4.800E+03   5.8607435809E+03
   4.825E+03   5.9272663844E+03
   4.850E+03   5.9942614289E+03
   4.875E+03   6.0617286524E+03
   4.900E+03   6.1296679492E+03
   4.925E+03   6.1980791698E+03
   4.950E+03   6.2669621214E+03
   4.975E+03   6.3363165683E+03
   5.000E+03   6.4061422321E+03
   5.025E+03   6.4764387922E+03
   5.050E+03   6.5472058862E+03
   5.075E+03   6.6184431101E+03
   5.100E+03   6.6901500189E+03
   5.125E+03   6.7623261270E+03
   5.150E+03   6.8349709085E+03
   5.175E+03   6.9080837976E+03
   5.200E+03   6.9816641894E+03
   5.225E+03   7.0557114396E+03
   5.250E+03   7.1302248660E+03
   5.275E+03   7.2052037479E+03
   5.300E+03   7.2806473274E+03
   5.325E+03   7.3565548091E+03
   5.350E+03   7.4329253615E+03
   5.375E+03   7.5097581165E+03
   5.400E+03   7.5870521706E+03
   5.425E+03   7.6648065852E+03
   5.450E+03   7.7430203867E+03
   5.475E+03   7.8216925678E+03
   5.500E+03   7.9008220872E+03
   5.525E+03   7.9804078704E+03
   5.550E+03   8.0604488105E+03
   5.575E+03   8.1409437683E+03
   5.600E+03   8.2218915728E+03
   5.625E+03   8.3032910221E+03
   5.650E+03   8.3851408837E+03
   5.675E+03   8.4674398946E+03
   5.700E+03   8.5501867627E+03
   5.725E+03   8.6333801664E+03
   5.750E+03   8.7170187558E+03
   5.775E+03   8.8011011528E+03
   5.800E+03   8.8856259518E+03
   5.825E+03   8.9705917201E+03
   5.850E+03   9.0559969985E+03
   5.875E+03   9.1418403019E+03
   5.900E+03   9.2281201194E+03
   5.925E+03   9.3148349154E+03
   5.950E+03   9.4019831296E+03
   5.975E+03   9.4895631779E+03
   6.000E+03   9.5775734525E+03
   6.025E+03   9.6660123227E+03
   6.050E+03   9.7548781353E+03
   6.075E+03   9.8441692152E+03
   6.100E+03   9.9338838656E+03
   6.125E+03   1.0024020369E+04
   6.150E+03   1.0114576986E+04
   6.175E+03   1.0205551960E+04
   6.200E+03   1.0296943512E+04
   6.225E+03   1.0388749846E+04
   6.250E+03   1.0480969145E+04
   6.275E+03   1.0573599576E+04
   6.300E+03   1.0666639287E+04
   6.325E+03   1.0760086411E+04
   6.350E+03   1.0853939060E+04
   6.375E+03   1.0948195334E+04
   6.400E+03   1.1042853315E+04
   6.425E+03   1.1137911069E+04
   6.450E+03   1.1233366650E+04
   6.475E+03   1.1329218093E+04
   6.500E+03   1.1425463423E+04
   6.525E+03   1.1522100648E+04
   6.550E+03   1.1619127766E+04
   6.575E+03   1.1716542760E+04
   6.600E+03   1.1814343601E+04
   6.625E+03   1.1912528248E+04
   6.650E+03   1.2011094648E+04
   6.675E+03   1.2110040738E+04
   6.700E+03   1.2209364444E+04
   6.725E+03   1.2309063679E+04
   6.750E+03   1.2409136350E+04
   6.775E+03   1.2509580351E+04
   6.800E+03   1.2610393569E+04
   6.825E+03   1.2711573880E+04
   6.850E+03   1.2813119154E+04
   6.875E+03   1.2915027252E+04
   6.900E+03   1.3017296025E+04
   6.925E+03   1.3119923318E+04
   6.950E+03   1.3222906971E+04
   6.975E+03   1.3326244815E+04
   7.000E+03   1.3429934673E+04
   7.025E+03   1.3533974366E+04
   7.050E+03   1.3638361707E+04
   7.075E+03   1.3743094503E+04
   7.100E+03   1.3848170556E+04
   7.125E+03   1.3953587665E+04
   7.150E+03   1.4059343623E+04
   7.175E+03   1.4165436218E+04
   7.200E+03   1.4271863237E+04
   7.225E+03   1.4378622461E+04
   7.250E+03   1.4485711669E+04
   7.275E+03   1.4593128635E+04
   7.300E+03   1.4700871133E+04
   7.325E+03   1.4808936933E+04
   7.350E+03   1.4917323803E+04
   7.375E+03   1.5026029509E+04
   7.400E+03   1.5135051815E+04
   7.425E+03   1.5244388486E+04
   7.450E+03   1.5354037284E+04
   7.475E+03   1.5463995968E+04
   7.500E+03   1.5574262301E+04
   7.525E+03   1.5684834043E+04
   7.550E+03   1.5795708954E+04
   7.575E+03   1.5906884793E+04
   7.600E+03   1.6018359323E+04
   7.625E+03   1.6130130303E+04
   7.650E+03   1.6242195497E+04
   7.675E+03   1.6354552667E+04
   7.700E+03   1.6467199577E+04
   7.725E+03   1.6580133993E+04
   7.750E+03   1.6693353682E+04
   7.775E+03   1.6806856415E+04
   7.800E+03   1.6920639960E+04
   7.825E+03   1.7034702094E+04
   7.850E+03   1.7149040590E+04
   7.875E+03   1.7263653228E+04
   7.900E+03   1.7378537788E+04
   7.925E+03   1.7493692056E+04
   7.950E+03   1.7609113818E+04
   7.975E+03   1.7724800865E+04
   8.000E+03   1.7840750992E+04
   8.025E+03   1.7956961996E+04
   8.050E+03   1.8073431679E+04
   8.075E+03   1.8190157847E+04
   8.100E+03   1.8307138309E+04
   8.125E+03   1.8424370879E+04
   8.150E+03   1.8541853376E+04
   8.175E+03   1.8659583624E+04
   8.200E+03   1.8777559448E+04
   8.225E+03   1.8895778684E+04
   8.250E+03   1.9014239167E+04
   8.275E+03   1.9132938740E+04
   8.300E+03   1.9251875252E+04
   8.325E+03   1.9371046557E+04
   8.350E+03   1.9490450511E+04
   8.375E+03   1.9610084981E+04
   8.400E+03   1.9729947836E+04
   8.425E+03   1.9850036953E+04
   8.450E+03   1.9970350212E+04
   8.475E+03   2.0090885503E+04
   8.500E+03   2.0211640719E+04
   8.525E+03   2.0332613761E+04
   8.550E+03   2.0453802536E+04
   8.575E+03   2.0575204957E+04
   8.600E+03   2.0696818943E+04
   8.625E+03   2.0818642422E+04
   8.650E+03   2.0940673326E+04
   8.675E+03   2.1062909596E+04
   8.700E+03   2.1185349178E+04
   8.725E+03   2.1307990026E+04
   8.750E+03   2.1430830103E+04
   8.775E+03   2.1553867374E+04
   8.800E+03   2.1677099818E+04
   8.825E+03   2.1800525414E+04
   8.850E+03   2.1924142155E+04
   8.875E+03   2.2047948038E+04
   8.900E+03   2.2171941067E+04
   8.925E+03   2.2296119255E+04
   8.950E+03   2.2420480622E+04
   8.975E+03   2.2545023197E+04
   9.000E+03   2.2669745015E+04
