   2.000E+00   4.0544951509E+00
   4.000E+00   4.8148492770E+00
   6.000E+00   6.0793217615E+00
   8.000E+00   7.4759478782E+00
   1.000E+01   8.9142405070E+00
   2.500E+01   1.9980987266E+01
   5.000E+01   3.8671143630E+01
   7.500E+01   5.7591815622E+01
   1.000E+02   7.7079965380E+01
   1.250E+02   9.7725491626E+01
   1.500E+02   1.2016088832E+02
   1.750E+02   1.4493862167E+02
   2.000E+02   1.7245775394E+02
   2.250E+02   2.0292794678E+02
   2.500E+02   2.3637372527E+02
   2.750E+02   2.7266679502E+02
   3.000E+02   3.1156939085E+02
   3.250E+02   3.5277635362E+02
   3.500E+02   3.9594990418E+02
   3.750E+02   4.4074550303E+02
   4.000E+02   4.8682949274E+02
   4.250E+02   5.3389009874E+02
   4.500E+02   5.8164347919E+02
   4.750E+02   6.2983629923E+02
   5.000E+02   6.7824599264E+02
   5.250E+02   7.2667957280E+02
   5.500E+02   7.7497160350E+02
   5.750E+02   8.2298174645E+02
   6.000E+02   8.7059216017E+02
   6.250E+02   9.1770492381E+02
   6.500E+02   9.6423958949E+02
   6.750E+02   1.0101309198E+03
   7.000E+02   1.0553268361E+03
   7.250E+02   1.0997865838E+03
   7.500E+02   1.1434791079E+03
   7.750E+02   1.1863816271E+03
   8.000E+02   1.2284783878E+03
   8.250E+02   1.2697595828E+03
   8.500E+02   1.3102204147E+03
   8.750E+02   1.3498602879E+03
   9.000E+02   1.3886821133E+03
   9.250E+02   1.4266917111E+03
   9.500E+02   1.4638972992E+03
   9.750E+02   1.5003090553E+03
   1.000E+03   1.5359387426E+03
   1.025E+03   1.5707993916E+03
   1.050E+03   1.6049050282E+03
   1.075E+03   1.6382704431E+03
   1.100E+03   1.6709109967E+03
   1.125E+03   1.7028424532E+03
   1.150E+03   1.7340808416E+03
   1.175E+03   1.7646423377E+03
   1.200E+03   1.7945431662E+03
   1.225E+03   1.8237995180E+03
   1.250E+03   1.8524274828E+03
   1.275E+03   1.8804429920E+03
   1.300E+03   1.9078617728E+03
   1.325E+03   1.9346993112E+03
   1.350E+03   1.9609708212E+03
   1.375E+03   1.9866912219E+03
   1.400E+03   2.0118751183E+03
   1.425E+03   2.0365367885E+03
   1.450E+03   2.0606901730E+03
   1.475E+03   2.0843488684E+03
   1.500E+03   2.1075261236E+03
   1.525E+03   2.1302348381E+03
   1.550E+03   2.1524875624E+03
   1.575E+03   2.1742965002E+03
   1.600E+03   2.1956735114E+03
   1.625E+03   2.2166301168E+03
   1.650E+03   2.2371775034E+03
   1.675E+03   2.2573265305E+03
   1.700E+03   2.2770877361E+03
   1.725E+03   2.2964713441E+03
   1.750E+03   2.3154872720E+03
   1.775E+03   2.3341451378E+03
   1.800E+03   2.3524542687E+03
   1.825E+03   2.3704237083E+03
   1.850E+03   2.3880622251E+03
   1.875E+03   2.4053783200E+03
   1.900E+03   2.4223802343E+03
   1.925E+03   2.4390759578E+03
   1.950E+03   2.4554732363E+03
   1.975E+03   2.4715795792E+03
   2.000E+03   2.4874022670E+03
   2.025E+03   2.5029483587E+03
   2.050E+03   2.5182246988E+03
   2.075E+03   2.5332379243E+03
   2.100E+03   2.5479944714E+03
   2.125E+03   2.5625005826E+03
   2.150E+03   2.5767623121E+03
   2.175E+03   2.5907855333E+03
   2.200E+03   2.6045759436E+03
   2.225E+03   2.6181390713E+03
   2.250E+03   2.6314802805E+03
   2.275E+03   2.6446047770E+03
   2.300E+03   2.6575176134E+03
   2.325E+03   2.6702236944E+03
   2.350E+03   2.6827277816E+03
   2.375E+03   2.6950344985E+03
   2.400E+03   2.7071483346E+03
   2.425E+03   2.7190736505E+03
   2.450E+03   2.7308146820E+03
   2.475E+03   2.7423755439E+03
   2.500E+03   2.7537602345E+03
   2.525E+03   2.7649726391E+03
   2.550E+03   2.7760165340E+03
   2.575E+03   2.7868955900E+03
   2.600E+03   2.7976133756E+03
   2.625E+03   2.8081733608E+03
   2.650E+03   2.8185789199E+03
   2.675E+03   2.8288333352E+03
   2.700E+03   2.8389397990E+03
   2.725E+03   2.8489014176E+03
   2.750E+03   2.8587212133E+03
   2.775E+03   2.8684021275E+03
   2.800E+03   2.8779470230E+03
   2.825E+03   2.8873586868E+03
   2.850E+03   2.8966398321E+03
   2.875E+03   2.9057931012E+03
   2.900E+03   2.9148210670E+03
   2.925E+03   2.9237262360E+03
   2.950E+03   2.9325110496E+03
   2.975E+03   2.9411778867E+03
   3.000E+03   2.9497290651E+03
   3.025E+03   2.9581668440E+03
   3.050E+03   2.9664934252E+03
   3.075E+03   2.9747109552E+03
   3.100E+03   2.9828215269E+03
   3.125E+03   2.9908271809E+03
   3.150E+03   2.9987299075E+03
   3.175E+03   3.0065316477E+03
   3.200E+03   3.0142342953E+03
   3.225E+03   3.0218396977E+03
   3.250E+03   3.0293496576E+03
   3.275E+03   3.0367659343E+03
   3.300E+03   3.0440902447E+03
   3.325E+03   3.0513242651E+03
   3.350E+03   3.0584696316E+03
   3.375E+03   3.0655279420E+03
   3.400E+03   3.0725007565E+03
   3.425E+03   3.0793895987E+03
   3.450E+03   3.0861959569E+03
   3.475E+03   3.0929212850E+03
   3.500E+03   3.0995670034E+03
   3.525E+03   3.1061345002E+03
   3.550E+03   3.1126251315E+03
   3.575E+03   3.1190402231E+03
   3.600E+03   3.1253810707E+03
   3.625E+03   3.1316489409E+03
   3.650E+03   3.1378450723E+03
   3.675E+03   3.1439706757E+03
   3.700E+03   3.1500269355E+03
   3.725E+03   3.1560150097E+03
   3.750E+03   3.1619360313E+03
   3.775E+03   3.1677911086E+03
   3.800E+03   3.1735813257E+03
   3.825E+03   3.1793077436E+03
   3.850E+03   3.1849714005E+03
   3.875E+03   3.1905733124E+03
   3.900E+03   3.1961144738E+03
   3.925E+03   3.2015958581E+03
   3.950E+03   3.2070184185E+03
   3.975E+03   3.2123830879E+03
   4.000E+03   3.2176907802E+03
   4.025E+03   3.2229423900E+03
   4.050E+03   3.2281387937E+03
   4.075E+03   3.2332808496E+03
   4.100E+03   3.2383693986E+03
   4.125E+03   3.2434052644E+03
   4.150E+03   3.2483892541E+03
   4.175E+03   3.2533221586E+03
   4.200E+03   3.2582047529E+03
   4.225E+03   3.2630377965E+03
   4.250E+03   3.2678220341E+03
   4.275E+03   3.2725581953E+03
   4.300E+03   3.2772469956E+03
   4.325E+03   3.2818891365E+03
   4.350E+03   3.2864853057E+03
   4.375E+03   3.2910361777E+03
   4.400E+03   3.2955424140E+03
   4.425E+03   3.3000046633E+03
   4.450E+03   3.3044235619E+03
   4.475E+03   3.3087997341E+03
   4.500E+03   3.3131337922E+03
   4.525E+03   3.3174263370E+03
   4.550E+03   3.3216779581E+03
   4.575E+03   3.3258892341E+03
   4.600E+03   3.3300607326E+03
   4.625E+03   3.3341930110E+03
   4.650E+03   3.3382866162E+03
   4.675E+03   3.3423420850E+03
   4.700E+03   3.3463599446E+03
   4.725E+03   3.3503407124E+03
   4.750E+03   3.3542848966E+03
   4.775E+03   3.3581929961E+03
   4.800E+03   3.3620655008E+03
   4.825E+03   3.3659028920E+03
   4.850E+03   3.3697056422E+03
   4.875E+03   3.3734742157E+03
   4.900E+03   3.3772090685E+03
   4.925E+03   3.3809106486E+03
   4.950E+03   3.3845793962E+03
   4.975E+03   3.3882157437E+03
   5.000E+03   3.3918201162E+03
   5.025E+03   3.3953929311E+03
   5.050E+03   3.3989345990E+03
   5.075E+03   3.4024455231E+03
   5.100E+03   3.4059261000E+03
   5.125E+03   3.4093767194E+03
   5.150E+03   3.4127977643E+03
   5.175E+03   3.4161896116E+03
   5.200E+03   3.4195526314E+03
   5.225E+03   3.4228871879E+03
   5.250E+03   3.4261936392E+03
   5.275E+03   3.4294723373E+03
   5.300E+03   3.4327236286E+03
   5.325E+03   3.4359478535E+03
   5.350E+03   3.4391453472E+03
   5.375E+03   3.4423164390E+03
   5.400E+03   3.4454614531E+03
   5.425E+03   3.4485807085E+03
   5.450E+03   3.4516745188E+03
   5.475E+03   3.4547431928E+03
   5.500E+03   3.4577870341E+03
   5.525E+03   3.4608063417E+03
   5.550E+03   3.4638014097E+03
   5.575E+03   3.4667725275E+03
   5.600E+03   3.4697199801E+03
   5.625E+03   3.4726440479E+03
   5.650E+03   3.4755450069E+03
   5.675E+03   3.4784231289E+03
   5.700E+03   3.4812786813E+03
   5.725E+03   3.4841119276E+03
   5.750E+03   3.4869231269E+03
   5.775E+03   3.4897125347E+03
   5.800E+03   3.4924804023E+03
   5.825E+03   3.4952269773E+03
   5.850E+03   3.4979525035E+03
   5.875E+03   3.5006572210E+03
   5.900E+03   3.5033413663E+03
   5.925E+03   3.5060051723E+03
   5.950E+03   3.5086488685E+03
   5.975E+03   3.5112726809E+03
   6.000E+03   3.5138768321E+03
   6.025E+03   3.5164615415E+03
   6.050E+03   3.5190270253E+03
   6.075E+03   3.5215734964E+03
   6.100E+03   3.5241011646E+03
   6.125E+03   3.5266102367E+03
   6.150E+03   3.5291009164E+03
   6.175E+03   3.5315734045E+03
   6.200E+03   3.5340278990E+03
   6.225E+03   3.5364645948E+03
   6.250E+03   3.5388836842E+03
   6.275E+03   3.5412853568E+03
   6.300E+03   3.5436697992E+03
   6.325E+03   3.5460371957E+03
   6.350E+03   3.5483877279E+03
   6.375E+03   3.5507215746E+03
   6.400E+03   3.5530389124E+03
   6.425E+03   3.5553399152E+03
   6.450E+03   3.5576247546E+03
   6.475E+03   3.5598935999E+03
   6.500E+03   3.5621466178E+03
   6.525E+03   3.5643839729E+03
   6.550E+03   3.5666058275E+03
   6.575E+03   3.5688123415E+03
   6.600E+03   3.5710036729E+03
   6.625E+03   3.5731799773E+03
   6.650E+03   3.5753414084E+03
   6.675E+03   3.5774881176E+03
   6.700E+03   3.5796202545E+03
   6.725E+03   3.5817379663E+03
   6.750E+03   3.5838413988E+03
   6.775E+03   3.5859306953E+03
   6.800E+03   3.5880059975E+03
   6.825E+03   3.5900674452E+03
   6.850E+03   3.5921151762E+03
   6.875E+03   3.5941493266E+03
   6.900E+03   3.5961700307E+03
   6.925E+03   3.5981774210E+03
   6.950E+03   3.6001716284E+03
   6.975E+03   3.6021527818E+03
   7.000E+03   3.6041210089E+03
   7.025E+03   3.6060764352E+03
   7.050E+03   3.6080191850E+03
   7.075E+03   3.6099493808E+03
   7.100E+03   3.6118671436E+03
   7.125E+03   3.6137725928E+03
   7.150E+03   3.6156658464E+03
   7.175E+03   3.6175470207E+03
   7.200E+03   3.6194162308E+03
   7.225E+03   3.6212735901E+03
   7.250E+03   3.6231192107E+03
   7.275E+03   3.6249532032E+03
   7.300E+03   3.6267756769E+03
   7.325E+03   3.6285867398E+03
   7.350E+03   3.6303864985E+03
   7.375E+03   3.6321750581E+03
   7.400E+03   3.6339525227E+03
   7.425E+03   3.6357189950E+03
   7.450E+03   3.6374745762E+03
   7.475E+03   3.6392193668E+03
   7.500E+03   3.6409534655E+03
   7.525E+03   3.6426769702E+03
   7.550E+03   3.6443899774E+03
   7.575E+03   3.6460925825E+03
   7.600E+03   3.6477848798E+03
   7.625E+03   3.6494669625E+03
   7.650E+03   3.6511389224E+03
   7.675E+03   3.6528008505E+03
   7.700E+03   3.6544528367E+03
   7.725E+03   3.6560949696E+03
   7.750E+03   3.6577273370E+03
   7.775E+03   3.6593500257E+03
   7.800E+03   3.6609631211E+03
   7.825E+03   3.6625667080E+03
   7.850E+03   3.6641608700E+03
   7.875E+03   3.6657456898E+03
   7.900E+03   3.6673212490E+03
   7.925E+03   3.6688876286E+03
   7.950E+03   3.6704449083E+03
   7.975E+03   3.6719931670E+03
   8.000E+03   3.6735324827E+03
   8.025E+03   3.6750629325E+03
   8.050E+03   3.6765845927E+03
   8.075E+03   3.6780975387E+03
   8.100E+03   3.6796018448E+03
   8.125E+03   3.6810975848E+03
   8.150E+03   3.6825848315E+03
   8.175E+03   3.6840636569E+03
   8.200E+03   3.6855341321E+03
   8.225E+03   3.6869963277E+03
   8.250E+03   3.6884503131E+03
   8.275E+03   3.6898961573E+03
   8.300E+03   3.6913339282E+03
   8.325E+03   3.6927636932E+03
   8.350E+03   3.6941855188E+03
   8.375E+03   3.6955994709E+03
   8.400E+03   3.6970056146E+03
   8.425E+03   3.6984040143E+03
   8.450E+03   3.6997947336E+03
   8.475E+03   3.7011778355E+03
   8.500E+03   3.7025533824E+03
   8.525E+03   3.7039214358E+03
   8.550E+03   3.7052820568E+03
   8.575E+03   3.7066353056E+03
   8.600E+03   3.7079812419E+03
   8.625E+03   3.7093199248E+03
   8.650E+03   3.7106514124E+03
   8.675E+03   3.7119757628E+03
   8.700E+03   3.7132930329E+03
   8.725E+03   3.7146032793E+03
   8.750E+03   3.7159065580E+03
   8.775E+03   3.7172029242E+03
   8.800E+03   3.7184924328E+03
   8.825E+03   3.7197751380E+03
   8.850E+03   3.7210510932E+03
   8.875E+03   3.7223203517E+03
   8.900E+03   3.7235829659E+03
   8.925E+03   3.7248389878E+03
   8.950E+03   3.7260884687E+03
   8.975E+03   3.7273314596E+03
   9.000E+03   3.7285680108E+03
