    1    0    1    3    3    3    4    2    3    3.58687E+040   -2.17871E-011
    2    0    3    4    0    1  101    2    1    2.78795E-041    2.17871E-011
    3    0    3    8    3    3    9    2    3    3.58467E+040   -3.93933E-011
    4    0    3    9    0    8  101    2    1    2.78965E-041    3.93933E-011
    5    0    3    9    3    3   10    2    3    3.58669E+040   -8.71859E-011
    6    0    3   10    0    9  101    2    1    2.78809E-041    8.71859E-011
    7    0    1    3    0    7  101    2    1    2.78799E-041    1.20867E-012
    8    0    1    7    0    2    3    2    2    2.77552E+004    5.96598E-012
    9    0    1    4    0    5  101    2    1    7.73495E-037    4.24688E-012
   10    0    1    5    0    2    4    2    2    1.00041E+000    2.92778E-012
   11    0    2    4    0    1    5    2    2    9.99591E-001   -2.92778E-012
   12    0    2    3    1    1    3    2    3    1.29230E+036   -7.17466E-012
   13    0    1    2    1    1    1    2    3    1.29230E+036   -7.17466E-012
   14    0    3    7    1    3    3    2    3    3.58682E+040   -1.20867E-012
   15    0    4    7    0    1    1    2    2    9.99985E-001    2.05784E-011
   16    0    4    7    0    3    5    2    2    2.77438E+004    3.03821E-012
   17    0    3    5    0    1    1    2    2    3.60435E-005    1.75402E-011
   18    0    5    7    0    1    2    2    2    1.00039E+000    2.35062E-011
   19    1    1    1    0    1    2    3    2    7.73811E-037    7.17466E-012
   20    1    1    2    0    2    2    3    2    7.73811E-037    7.17466E-012
   21    0    2    2    1    1    2    2    3    1.29230E+036   -7.17466E-012
   22    0    1    1    1    3    4    2    3    3.58687E+040   -2.17871E-011
   23    0    1    1    0    0    2    2    1    1.00000E+000    0.00000E+000
   24    0    2    9    1    4    8    2    3    1.29310E+036    1.04316E-011
   25    0    5    8    0    1   11    2    2    2.01900E+000   -1.34603E-012
   26    0    2    5    0    1    6    2    2    1.53938E+000    2.69052E-012
   27    0    6    7    0    2    2    2    2    6.49870E-001    2.08157E-011
   28    0    1    9    0    4    8    2    2    1.00061E+000    1.76062E-011
   29    0    7    9    0    1    8    2    2    1.00060E+000    3.81847E-011
   30    0    2    9    0    5    8    2    2    1.00020E+000    1.46785E-011
   31    0    1   11    0    5    8    2    2    4.95295E-001    1.34603E-012
   32    0    2   11    0    6    8    2    2    7.62445E-001    4.03655E-012
   33    0    5    7    0    3    6    2    2    4.27256E+004    8.65651E-012
   34    0    3    6    0    1    2    2    2    2.34144E-005    1.48497E-011
   35    0    3    6    1    1    1    2    3    3.02585E+031    7.67504E-012
   36    0    3   11    0    1    8    2    2    1.78522E-005    1.88863E-011
   37    0    2    8    1    1    8    2    3    1.29230E+036   -7.17466E-012
   38    0    1    7    1    1    3    2    3    3.58682E+040   -1.20867E-012
   39    0    5    7    1    1    1    2    3    1.29281E+036    1.63316E-011
   40    0    2    3    0    1    7    2    2    3.60293E-005   -5.96598E-012
   41    0    4    8    0    1    9    2    2    9.99388E-001   -1.76062E-011
   42    0    7    8    1    3    8    2    3    3.58682E+040   -1.20867E-012
   43    1    1    8    0    2    8    3    2    7.73811E-037    7.17466E-012
   44    0    1    5    0    6  101    2    1    1.19119E-036    9.86518E-012
   45    0    2    4    0    6  101    2    1    1.19070E-036    6.93740E-012
   46    0    4    8    0   11  101    2    1    1.56169E-036    2.90085E-012
   47    0    3   13    1    3   12    2    3    8.39754E+035   -7.23181E-012
   48    0    8   13    1    8   12    2    3    8.39754E+035   -7.23181E-012
   49    0    2   13    1    2   12    2    3    8.39754E+035   -7.23181E-012
   50    0    1   13    1    1   12    2    3    8.39754E+035   -7.23181E-012
   51    0    3   14    0   12  101    2    1    2.78909E-041    2.17930E-011
   52    0    4   12    0    1   14    2    2    9.99591E-001   -5.92812E-015
   53    0    1   14    0    4   12    2    2    1.00041E+000    5.92812E-015
   54    0    1   12    0   13  101    2    1    1.19083E-036    7.23181E-012
   55    0    2   12    0    1   13    2    2    1.53891E+000    5.71558E-014
   56    0    1   15    0    4   13    2    2    1.00055E+000    2.95775E-012
   57    0    2   14    0    4   13    2    2    1.53954E+000    6.30839E-014
   58    0    1   13    0    2   12    2    2    6.49811E-001   -5.71558E-014
   59    0    4   13    0    2   14    2    2    6.49545E-001   -6.30839E-014
   60    0    4   12    0   15  101    2    1    1.19018E-036    4.27406E-012
   61    0    1   14    0   15  101    2    1    1.19066E-036    4.27999E-012
   62    0    3   15    0    1   12    2    2    2.34247E-005    1.75130E-011
   63    0    3   12    0   16  101    2    1    2.78909E-041    1.20909E-012
   64    0   14   16    0   12   12    2    2    1.00000E+000    2.05839E-011
   65    0    4   16    0    1   12    2    2    9.99591E-001    2.05780E-011
   66    0    7   12    0    1   16    2    2    1.00039E+000    4.15135E-016
   67    0    1   16    0    7   12    2    2    9.99606E-001   -4.15135E-016
   68    0    1   16    0    3   13    2    2    4.26959E+004    6.02273E-012
   69    0    3   12    3    3   14    2    3    3.58540E+040   -2.17930E-011
   70    0    9   12    0    8   14    2    2    1.00020E+000    1.76003E-011
   71    0    8   14    0    9   12    2    2    9.99796E-001   -1.76003E-011
   72    0    5   12    0    1   15    2    2    1.53870E+000    2.71830E-014
   73    0   12   15    0   13   14    2    2    1.00014E+000    2.95182E-012
   74    0    1   15    0    5   12    2    2    6.49900E-001   -2.71830E-014
   75    0    3   13    0    1   16    2    2    2.34215E-005   -6.02273E-012
   76    0    3   13    0    7   12    2    2    2.34122E-005   -6.02314E-012
   77    0    4   16    0    3   15    2    2    4.26726E+004    3.06497E-012
   78    0    7   14    0    3   15    2    2    4.27069E+004    3.07132E-012
   79    0    3   16    3    3   12    2    3    3.58540E+040   -1.20909E-012
   80    0    1   16    1    3   12    2    3    3.58540E+040   -1.20909E-012
   81    0    8   16    3    8   12    2    3    3.58540E+040   -1.20909E-012
   82    0    7   14    0    1   12    2    2    1.00039E+000    2.05844E-011
   83    0    5   16    0    2   12    2    2    1.00000E+000    2.35058E-011
   84    0    5   16    1    1   12    2    3    1.29230E+036    1.63311E-011
   85    0    7   15    0    1   13    2    2    1.00053E+000    2.35362E-011
   86    0    7   15    1    1   12    2    3    8.40199E+035    1.63044E-011
   87    0   15   16    0   12   13    2    2    1.00014E+000    2.35358E-011
   88    0   15   16    1   12   12    2    3    8.39868E+035    1.63040E-011
   89    0    9   16    0    8   12    2    2    1.00020E+000    3.81842E-011
   90    0    5   12    0    2   14    2    2    1.00000E+000    2.92185E-012
   91    0    5   12    0    4   13    2    2    1.53954E+000    2.98494E-012
   92    0    1   15    0    2   14    2    2    6.49900E-001    2.89467E-012
   93    0    2   14    0    5   12    2    2    1.00000E+000   -2.92185E-012
   94    0    2   14    0    1   15    2    2    1.53870E+000   -2.89467E-012
   95    0    4   13    0    1   15    2    2    9.99454E-001   -2.95775E-012
   96    0    4   13    0    5   12    2    2    6.49545E-001   -2.98494E-012
   97    0   13   14    0   12   15    2    2    9.99863E-001   -2.95182E-012
   98    0    9   13    0    8   15    2    2    1.00007E+000    1.46485E-011
   99    0    9   13    4    8   12    2    3    8.40268E+035    1.03744E-011
  100    0    9   13    1    8   14    2    3    8.39925E+035    1.03685E-011
  101    0    1   19    0    2   17    2    2    3.99019E-001    1.61630E-012
  102    0    1   19    1    1   17    2    3    5.15654E+035   -5.55836E-012
  103    0    1   20    0    2   19    2    2    3.95431E-001    2.36361E-013
  104    0    1   21    0    2   20    2    2    3.92369E-001   -4.09589E-013
  105    0    1   22    0    2   21    2    2    3.89723E-001   -9.94663E-015
  106    0    1   32    0    2   30    2    2    3.87493E-001    1.05345E-013
  107    0    1   32    1    1   30    2    3    5.00759E+035   -7.06931E-012
  108    0    1   34    0    2   32    2    2    3.85452E-001   -9.96124E-013
  109    0    1   34    1    1   32    2    3    4.98122E+035   -8.17078E-012
  110    0    1   18    0   17   19    2    2    6.09984E-002   -4.43952E-012
  111    0    1   33    0   17   32    2    2    5.14220E-002   -1.07284E-011
  112    0    1   38    0    2   35    2    2    3.72144E-001    1.14219E-012
  113    0    1   31    0   30   32    2    2    4.08176E-002   -1.12678E-012
  114    0    1   31    1   30   30    2    3    2.04398E+034   -8.19609E-012
  115    0    1   36    0   30   34    2    2    3.92231E-002    3.70921E-012
  116    0    1   36    0    2   31    2    2    3.70395E-001    3.83986E-012
  117    0    1   36    0   32   32    2    2    3.90165E-002    2.60774E-012
  118    0    1   39    0    2   36    2    2    3.69877E-001    1.17792E-012
  119    0    1   37    0   32   33    2    2    2.84258E-002   -1.66710E-012
  120    0    2   17    0    1   19    2    2    2.50615E+000   -1.61630E-012
  121    0   17   32    0   19   30    2    2    9.71114E-001   -1.51096E-012
  122    0   17   33    0   18   30    2    2    8.18655E-001   -7.79980E-012
  123    0    2   30    0    1   32    2    2    2.58069E+000   -1.05345E-013
  124    0   19   30    0   17   32    2    2    1.02975E+000    1.51096E-012
  125    0   20   30    0   19   32    2    2    1.02049E+000    1.31017E-013
  126    0   20   30    0    1   35    2    2    2.12399E+001    6.30221E-012
  127    0   22   30    0   21   32    2    2    1.00575E+000   -1.15291E-013
  128    0   30   34    0   32   32    2    2    9.94734E-001   -1.10147E-012
  129    0   30   38    0   32   35    2    2    9.60388E-001    1.03684E-012
  130    0   30   39    0   32   36    2    2    9.54538E-001    1.07258E-012
  131    0   30   37    0   31   33    2    2    6.96409E-001   -5.40323E-013
  132    0    4   30    0    1   40    2    2    9.99232E-001   -3.17495E-014
  133    0    2   19    0    1   20    2    2    2.52889E+000   -2.36361E-013
  134    0    2   19    1    2   17    2    3    5.15654E+035   -5.55836E-012
  135    0    2   20    0    1   21    2    2    2.54862E+000    4.09589E-013
  136    0    2   21    0    1   22    2    2    2.56593E+000    9.94663E-015
  137    0    2   32    0    1   34    2    2    2.59435E+000    9.96124E-013
  138    0    2   32    1    2   30    2    3    5.00759E+035   -7.06931E-012
  139    0    2   34    1    2   32    2    3    4.98122E+035   -8.17078E-012
  140    0    2   31    0    1   36    2    2    2.69982E+000   -3.83986E-012
  141    0    2   31    0   32   32    2    2    1.05338E-001   -1.23212E-012
  142    0    2   31    2   30   30    2    3    2.04398E+034   -8.19609E-012
  143    0    2   36    0    1   39    2    2    2.70360E+000   -1.17792E-012
  144    0    1   12    0    0   13    2    1    1.00000E+000    0.00000E+000
  145    0    6   31    0    2   46    2    2    1.75317E+000   -4.33401E-015
  146    0    2   23    0    1   25    2    2    2.50613E+000   -5.33863E-013
  147    0   19   22    0   20   21    2    2    9.85564E-001   -2.46308E-013
  148    0   19   32    0    1   35    2    2    2.08136E+001    6.17119E-012
  149    0   19   35    0   20   33    2    2    9.42817E-001    5.93711E-012
  150    0   19   38    0   20   35    2    2    9.41109E-001    9.05824E-013
  151    0   19   31    0   30   35    2    2    8.49560E-001    5.04442E-012
  152    0   19   36    0   20   31    2    2    9.36686E-001    3.60350E-012
  153    0   19   36    0   32   35    2    2    8.12073E-001    8.77894E-012
  154    0   19   37    0   33   35    2    2    5.91641E-001    4.50410E-012
  155    0   20   20    0   19   21    2    2    1.00781E+000    6.45950E-013
  156    0   20   22    0   21   21    2    2    9.93256E-001    3.99642E-013
  157    0   20   35    0   21   33    2    2    9.50176E-001    6.58306E-012
  158    0   20   38    0   21   35    2    2    9.48455E-001    1.55177E-012
  159    0    1   26    0    2   25    2    2    3.95433E-001   -1.82693E-013
  160    0   21   38    0   22   35    2    2    9.54894E-001    1.15213E-012
  161    0    1   27    0    2   26    2    2    3.92370E-001   -1.29040E-012
  162    0   20   32    0   21   30    2    2    9.87574E-001    5.14933E-013
  163    0   20   32    0   19   34    2    2    1.02589E+000    1.23249E-012
  164    0   20   32    0    1   38    2    2    2.21160E+001    5.26537E-012
  165    0   21   32    0   20   34    2    2    1.01794E+000    5.86536E-013
  166    0   22   32    0   21   34    2    2    1.01108E+000    9.86178E-013
  167    0   32   32    0   30   34    2    2    1.00529E+000    1.10147E-012
  168    0   32   33    0    1   37    2    2    3.51793E+001    1.66710E-012
  169    0   32   39    0   34   36    2    2    9.59592E-001    2.17404E-012
  170    0   21   34    0   22   32    2    2    9.89043E-001   -9.86178E-013
  171    0   31   33    0   30   37    2    2    1.43594E+000    5.40323E-013
  172    0   33   36    0   32   37    2    2    1.37258E+000    4.27484E-012
  173    0   20   31    0   32   35    2    2    8.66964E-001    5.17544E-012
  174    0   20   31    0   30   38    2    2    9.02722E-001    4.13859E-012
  175    0   21   31    0   20   36    2    2    1.05933E+000   -4.24945E-012
  176    0   21   31    0   32   38    2    2    9.14080E-001    3.62366E-012
  177    0   22   31    0   21   36    2    2    1.05218E+000   -3.84981E-012
  178    0   31   35    0   33   36    2    2    1.00655E+000    2.33361E-012
  179    0   21   36    0   22   31    2    2    9.50406E-001    3.84981E-012
  180    0   34   36    0   32   39    2    2    1.04211E+000   -2.17404E-012
  181    0   35   36    0   31   38    2    2    9.95300E-001    2.69768E-012
  182    0   36   38    0   35   39    2    2    1.00613E+000   -3.57348E-014
  183    0   36   36    0   31   39    2    2    1.00140E+000    2.66194E-012
  184    0    1   35    0    2   33    2    2    3.72819E-001    6.17347E-012
  185    0    1   17    0   19  101    2    1    1.93928E-036    5.55836E-012
  186    0   17   17    0   18  101    2    1    3.17924E-035    9.99787E-012
  187    0   17   30    0   33  101    2    1    3.88349E-035    1.77977E-011
  188    0   17   19    0    1   18    2    2    1.63939E+001    4.43952E-012
  189    0   17   32    0    1   33    2    2    1.94469E+001    1.07284E-011
  190    0   17   35    0   19   33    2    2    9.34339E-001    4.55717E-012
  191    0   17   31    0   30   33    2    2    7.93777E-001    9.60159E-012
  192    0   21   35    0   22   33    2    2    9.56627E-001    6.18342E-012
  193    0    1   30    0   32  101    2    1    1.99697E-036    7.06931E-012
  194    0   30   30    0   31  101    2    1    4.89242E-035    8.19609E-012
  195    0   19   30    0    1   33    2    2    2.00254E+001    1.22393E-011
  196    0   19   30    0    3   45    2    2    1.48967E+006    1.97438E-013
  197    0   20   30    1    1   33    2    3    1.02333E+037    5.30102E-012
  198    0   21   30    0    1   38    2    2    2.23942E+001    4.75044E-012
  199    0   30   32    0    1   31    2    2    2.44992E+001    1.12678E-012
  200    0   18   30    0   17   33    2    2    1.22152E+000    7.79980E-012
  201    0   30   35    0    1   37    2    2    3.38471E+001    7.73522E-012
  202    0   30   35    0   32   33    2    2    9.62131E-001    6.06812E-012
  203    0   30   36    0   31   32    2    2    9.55875E-001    3.73452E-012
  204    0   32   35    0   33   34    2    2    9.67225E-001    7.16959E-012
  205    0   32   38    0   34   35    2    2    9.65473E-001    2.13831E-012
  206    0   32   36    0   31   34    2    2    9.60935E-001    4.83599E-012
  207    0   35   35    0   33   38    2    2    1.00181E+000    5.03128E-012
  208    0    4   19    0    1   25    2    2    9.99245E-001    4.72257E-012
  209    0    4   20    0    2   25    2    2    3.95133E-001    4.95893E-012
  210    0    4   20    0    1   26    2    2    9.99240E-001    5.14163E-012
  211    0    4   21    0    1   27    2    2    9.99236E-001    6.02244E-012
  212    0    4   22    0    2   27    2    2    3.89425E-001    6.01250E-012
  213    0    4   22    0    1   28    2    2    9.99233E-001    1.57016E-012
  214    0    4   32    0    1   42    2    2    9.99230E-001    9.32609E-013
  215    0    4   34    0    1   44    2    2    9.99226E-001    1.57148E-012
  216    0    4   18    0    1   24    2    2    9.99216E-001    2.72428E-012
  217    0    4   35    0    2   43    2    2    3.72525E-001    5.50759E-012
  218    0    4   35    0    5   33    2    2    3.72666E-001    3.24569E-012
  219    0    4   35    0    1   45    2    2    9.99210E-001    8.74403E-012
  220    0    4   38    0    1   48    2    2    9.99208E-001    4.33258E-012
  221    0    4   38    0    2   45    2    2    3.71850E-001    9.88622E-012
  222    0    4   31    0    1   41    2    2    9.99207E-001    2.44182E-012
  223    0    4   37    0   30   45    2    2    2.95213E-002    1.00881E-012
  224    0    7   17    0    3   19    2    2    6.95585E+004    4.34968E-012
  225    0    7   30    0    3   32    2    2    7.16276E+004    5.86064E-012
  226    0    7   19    0    3   20    2    2    7.01897E+004    5.72962E-012
  227    0    7   20    0    3   21    2    2    7.07375E+004    6.37557E-012
  228    0    7   21    0    3   22    2    2    7.12178E+004    5.97593E-012
  229    0    7   32    0    3   34    2    2    7.20068E+004    6.96211E-012
  230    0    7   33    0    3   35    2    2    7.44468E+004   -2.07484E-013
  231    0    7   35    0    3   38    2    2    7.45819E+004    4.82380E-012
  232    0    5   17    0    1   25    2    2    2.50528E+000    6.03405E-012
  233    0    5   30    0    1   42    2    2    2.57976E+000    3.75504E-012
  234    0    5   19    0    2   25    2    2    9.99654E-001    7.65035E-012
  235    0    5   19    0    1   26    2    2    2.52800E+000    7.83304E-012
  236    0    5   20    0    1   27    2    2    2.54772E+000    9.35981E-012
  237    0    5   20    0    2   26    2    2    9.99650E-001    8.06941E-012
  238    0    5   22    0    2   28    2    2    9.99642E-001    4.49794E-012
  239    0    5   22    0    1   29    2    2    2.58028E+000    4.70291E-012
  240    0    5   22    1    2   27    2    3    5.03462E+035    1.76562E-012
  241    0    5   32    0    2   42    2    2    9.99639E-001    3.86039E-012
  242    0    5   32    0    1   44    2    2    2.59341E+000    5.49539E-012
  243    0    5   34    0    2   44    2    2    9.99636E-001    4.49926E-012
  244    0    5   34    0    1   47    2    2    2.60563E+000    7.12693E-012
  245    0    5   18    0    2   24    2    2    9.99625E-001    5.65206E-012
  246    0    5   33    0    2   43    2    2    9.99620E-001    2.26190E-012
  247    0    5   33    0    1   45    2    2    2.68124E+000    5.49834E-012
  248    0    5   35    0    6   33    2    2    5.73909E-001    8.86399E-012
  249    0    5   35    0    2   45    2    2    9.99619E-001    1.16718E-011
  250    0    5   38    0    2   48    2    2    9.99618E-001    7.26036E-012
  251    0    5   38    1    2   45    2    3    4.80740E+035    5.63934E-012
  252    0    5   31    0    1   46    2    2    2.69878E+000    2.68619E-012
  253    0    5   31    0    2   41    2    2    9.99617E-001    5.36960E-012
  254    0    5   37    0    1   49    2    2    2.73285E+000    4.62101E-012
  255    0    6   17    0    2   25    2    2    1.62746E+000    3.34353E-012
  256    0    6   30    0    2   42    2    2    1.67585E+000    1.06452E-012
  257    0    6   19    0    2   26    2    2    1.64222E+000    5.14252E-012
  258    0    6   20    0    2   27    2    2    1.65504E+000    6.66929E-012
  259    0    6   21    0    2   28    2    2    1.66627E+000    1.81736E-012
  260    0    6   22    0    2   29    2    2    1.67619E+000    2.01239E-012
  261    0    6   32    0    2   44    2    2    1.68472E+000    2.80487E-012
  262    0    6   34    0    2   47    2    2    1.69266E+000    4.43641E-012
  263    0    6   33    0    2   45    2    2    1.74177E+000    2.80782E-012
  264    0    6   35    0    2   48    2    2    1.74493E+000    3.42765E-012
  265    0    6   38    0    2   50    2    2    1.74789E+000    4.76545E-012
  266    0    6   37    0    2   49    2    2    1.77530E+000    1.93049E-012
  267    0    9   19    1    8   23    2    3    5.15583E+035    1.56880E-011
  268    0    9   19    0    8   25    2    2    9.99857E-001    2.23288E-011
  269    0    9   20    1    8   25    2    3    5.10945E+035    1.53905E-011
  270    0    9   20    2    8   23    2    3    2.03878E+035    1.59244E-011
  271    0    9   21    2    8   25    2    3    2.00479E+035    1.49809E-011
  272    0    9   22    4    8   21    2    3    5.03949E+035    1.04216E-011
  273    0    9   22    2    8   25    2    3    1.00000E+000    0.00000E+000
  274    0    9   22    2    8   26    2    3    1.97584E+035    1.51537E-011
  275    0    9   22    1    8   27    2    3    5.03564E+035    1.64441E-011
  276    0    9   22    0    8   28    2    2    9.99845E-001    1.91764E-011
  277    0    9   32    1    8   40    2    3    5.00681E+035    1.05052E-011
  278    0    9   34    4    8   32    2    3    4.98427E+035    9.43545E-012
  279    0    9   34    1    8   42    2    3    4.98043E+035    1.03681E-011
  280    0    9   34    0    8   44    2    2    9.99839E-001    1.91777E-011
  281    0    9   18    8   17   23    2    3    3.14498E+034    1.12485E-011
  282    0    9   18    0    8   24    2    2    9.99828E-001    2.03305E-011
  283    0    9   33    8   23   30    2    3    2.57465E+034    3.44869E-012
  284    0    9   35    1    8   43    2    3    4.81711E+035    1.59392E-011
  285    0    9   35    8   25   30    2    3    2.40558E+034    9.08830E-012
  286    0    9   35    0   11   33    2    2    7.52875E-001    1.95059E-011
  287    0    9   38    2    8   43    2    3    1.79266E+035    1.70814E-011
  288    0    9   38    1    8   45    2    3    4.80838E+035    2.03178E-011
  289    0    9   31    8   30   40    2    3    2.04366E+034    9.37839E-012
  290    0    9   31    0    8   41    2    2    9.99820E-001    2.00481E-011
  291    0    9   37    8   17   41    2    3    1.79293E+034    1.71006E-012
  292    0    9   37    8   33   40    2    3    1.42323E+034    8.83807E-012
  293    0    9   37    8   30   43    2    3    1.42319E+034    8.20394E-012
  294    0    9   37    8   23   31    2    3    1.79301E+034    2.90837E-012
  295    0    1   23    0   25  101    2    1    1.93927E-036    6.64079E-012
  296    0   23   30    0   43  101    2    1    3.88333E-035    1.34917E-011
  297    0    7   23    0    1   17    2    2    1.00074E+000    1.69383E-011
  298    0    2   23    0   26  101    2    1    4.90418E-036    6.82349E-012
  299    0   19   23    0    1   24    2    2    1.63933E+001    3.52366E-012
  300    0   19   23    0   17   25    2    2    9.99995E-001    1.08244E-012
  301    0   20   23    0   17   26    2    2    9.99990E-001    1.50149E-012
  302    0   23   32    0    1   43    2    2    1.94461E+001    6.42235E-012
  303    0   23   34    0    1   45    2    2    2.01051E+001    8.66267E-012
  304    0   23   35    0   17   45    2    2    9.99960E-001    5.10390E-012
  305    0   23   35    0   25   33    2    2    9.34334E-001    5.63961E-012
  306    0   23   38    0   26   33    2    2    8.79306E-001    6.96448E-012
  307    0   23   38    0   19   45    2    2    9.32609E-001    4.62978E-012
  308    0   23   38    0   17   48    2    2    9.99958E-001    6.92445E-013
  309    0   23   31    0   30   43    2    2    7.93745E-001    5.29558E-012
  310    0   23   31    0   33   40    2    2    7.93763E-001    5.92970E-012
  311    0   23   37    0   33   43    2    2    5.52772E-001    4.75525E-012
  312    0    1   25    0    2   23    2    2    3.99021E-001    5.33863E-013
  313    0   17   25    0    1   24    2    2    1.63934E+001    2.44122E-012
  314    0   25   30    0    1   43    2    2    2.00247E+001    6.85087E-012
  315    0    2   25    0    1   26    2    2    2.52887E+000    1.82693E-013
  316    0   19   25    0    2   24    2    2    6.54127E+000    4.05753E-012
  317    0   25   32    0    2   43    2    2    7.75942E+000    6.95621E-012
  318    0   25   34    0    2   45    2    2    8.02235E+000    9.19653E-012
  319    0   25   34    0   17   47    2    2    1.04006E+000    1.09288E-012
  320    0   25   34    0    1   48    2    2    2.15571E+001    3.64289E-012
  321    0   25   33    0   17   45    2    2    1.07024E+000   -5.35706E-013
  322    0   25   35    0   26   33    2    2    9.42813E-001    6.35616E-012
  323    0   25   35    0   19   45    2    2    9.99965E-001    4.02146E-012
  324    0   25   38    0   27   33    2    2    8.94212E-001    8.78875E-012
  325    0   25   38    0   20   45    2    2    9.41076E-001    4.92728E-012
  326    0   25   38    0   17   50    2    2    1.07399E+000    1.42192E-012
  327    0   25   31    0   30   45    2    2    8.49530E-001    9.06588E-012
  328    0   25   31    0   35   40    2    2    8.49549E-001    2.90096E-013
  329    0   25   31    0   32   43    2    2    8.17360E-001    5.72409E-012
  330    0   25   37    0   33   45    2    2    5.91621E-001    8.52556E-012
  331    0   26   30    0    1   45    2    2    2.12393E+001    9.90462E-012
  332    0    2   26    0    1   27    2    2    2.54861E+000    1.29040E-012
  333    0   26   34    0    1   50    2    2    2.29449E+001    3.65581E-012
  334    0   26   35    0   27   33    2    2    9.50172E-001    7.46387E-012
  335    0   26   38    0   21   45    2    2    9.48426E-001    5.15418E-012
  336    0   26   31    0   32   45    2    2    8.66937E-001    8.77784E-012
  337    0   26   37    0   33   48    2    2    6.28644E-001    2.78922E-012
  338    0   27   30    0    2   45    2    2    8.33366E+000    8.61421E-012
  339    0   27   30    0    1   48    2    2    2.23936E+001    3.06057E-012
  340    0    2   27    0   29  101    2    1    5.12508E-036    2.93729E-012
  341    0   27   32    0    2   48    2    2    8.67737E+000    3.16592E-012
  342    0   27   35    0   28   33    2    2    9.56624E-001    1.73113E-012
  343    0   27   35    0   21   45    2    2    9.99974E-001    2.72159E-012
  344    0   27   38    0   22   45    2    2    9.54869E-001    3.87372E-012
  345    0   27   31    0   30   50    2    2    9.53366E-001    2.23475E-012
  346    0    1   40    0    4   30    2    2    1.00077E+000    3.17495E-014
  347    0    7   40    0    1   30    2    2    1.00075E+000    2.06102E-011
  348    0    2   40    0    1   42    2    2    2.58069E+000    8.59013E-013
  349    0   19   40    0   25   30    2    2    1.00001E+000    4.75432E-012
  350    0   19   40    0    1   43    2    2    2.00249E+001    1.16052E-011
  351    0   20   40    0   26   30    2    2    1.00001E+000    5.17338E-012
  352    0   22   40    0   27   32    2    2    1.00576E+000    5.93890E-012
  353    0   22   40    0   28   30    2    2    1.00000E+000    1.60191E-012
  354    0   32   40    0   30   42    2    2    9.99998E-001    9.64358E-013
  355    0   32   40    0    1   41    2    2    2.44986E+001    3.60035E-012
  356    0   34   40    0   30   44    2    2    9.99994E-001    1.60323E-012
  357    0   18   40    0   24   30    2    2    9.99984E-001    2.75603E-012
  358    0   18   40    0   17   43    2    2    1.22149E+000    7.16567E-012
  359    0   35   40    0   33   42    2    2    9.62129E-001    7.03248E-012
  360    0   35   40    0   30   45    2    2    9.99978E-001    8.77578E-012
  361    0   38   40    0   32   45    2    2    9.60367E-001    9.81262E-012
  362    0   38   40    0   30   48    2    2    9.99976E-001    4.36433E-012
  363    0   31   40    0   30   41    2    2    9.99975E-001    2.47357E-012
  364    0   37   40    0   33   41    2    2    6.96392E-001    1.93325E-012
  365    0    1   28    0    2   27    2    2    3.89724E-001    4.44234E-012
  366    0   28   30    0   27   32    2    2    1.00576E+000    4.33700E-012
  367    0    2   28    0    1   29    2    2    2.58120E+000    2.04977E-013
  368    0   22   28    0   21   29    2    2    1.00595E+000    1.95030E-013
  369    0   28   34    0   21   47    2    2    1.01584E+000    2.61905E-012
  370    0   28   33    0   21   45    2    2    1.04532E+000    9.90462E-013
  371    0   28   38    0   22   48    2    2    9.99976E-001    2.76242E-012
  372    0   28   38    0   21   50    2    2    1.04898E+000    2.94809E-012
  373    0   28   31    0   22   41    2    2    9.99974E-001    8.71667E-013
  374    0   28   37    0   21   49    2    2    1.06543E+000    1.13133E-013
  375    0   17   42    0   25   30    2    2    9.71129E-001    2.27901E-012
  376    0   30   42    0    1   41    2    2    2.44987E+001    2.63599E-012
  377    0    2   42    0    1   44    2    2    2.59435E+000    1.63500E-012
  378    0   19   42    0   25   32    2    2    1.00001E+000    3.78996E-012
  379    0   19   42    0   26   30    2    2    9.79936E-001    4.07800E-012
  380    0   20   42    0   26   32    2    2    1.00001E+000    4.20902E-012
  381    0   20   42    0   27   30    2    2    9.87580E-001    5.60477E-012
  382    0   22   42    0   20   47    2    2    1.03407E+000    3.84313E-012
  383    0   22   42    0   29   30    2    2    1.00020E+000    9.47869E-013
  384    0   32   42    0   30   44    2    2    1.00529E+000    1.74034E-012
  385    0   34   42    0   32   44    2    2    9.99996E-001    6.38876E-013
  386    0   34   42    0   30   47    2    2    1.01003E+000    3.37189E-012
  387    0   18   42    0   24   32    2    2    9.99986E-001    1.79167E-012
  388    0   33   42    0   30   45    2    2    1.03934E+000    1.74330E-012
  389    0   35   42    0   33   44    2    2    9.67221E-001    7.80847E-012
  390    0   35   42    0   32   45    2    2    9.99980E-001    7.81142E-012
  391    0   35   42    0   30   48    2    2    1.04122E+000    2.36313E-012
  392    0   38   42    0   30   50    2    2    1.04299E+000    3.70093E-012
  393    0   38   42    0   32   48    2    2    9.99978E-001    3.39997E-012
  394    0   31   42    0   32   41    2    2    9.99977E-001    1.50921E-012
  395    0   37   42    0   30   49    2    2    1.05934E+000    8.65971E-013
  396    0    1   29    0    2   28    2    2    3.87416E-001   -2.04977E-013
  397    0   17   29    0   22   25    2    2    9.70933E-001    1.33114E-012
  398    0   29   30    0   20   47    2    2    1.03386E+000    2.89527E-012
  399    0   29   30    0    2   50    2    2    9.10087E+000    7.49355E-012
  400    0   19   29    0   22   26    2    2    9.79738E-001    3.13013E-012
  401    0   20   29    0   22   27    2    2    9.87381E-001    4.65690E-012
  402    0   29   32    0   22   44    2    2    1.00509E+000    7.92476E-013
  403    0   29   34    0   22   47    2    2    1.00982E+000    2.42402E-012
  404    0   29   33    0   22   45    2    2    1.03913E+000    7.95431E-013
  405    0   29   35    0   22   48    2    2    1.04101E+000    1.41526E-012
  406    0   29   38    0   22   50    2    2    1.04278E+000    2.75306E-012
  407    0   29   37    0   22   49    2    2    1.05913E+000   -8.18978E-014
  408    0   17   44    0   25   32    2    2    9.66018E-001    5.38662E-013
  409    0   30   44    0    2   41    2    2    9.44310E+000    1.00099E-012
  410    0    2   44    0    1   47    2    2    2.60658E+000    2.62767E-012
  411    0   19   44    0   25   34    2    2    1.00002E+000    3.15109E-012
  412    0   19   44    0   26   32    2    2    9.74778E-001    2.33766E-012
  413    0   20   44    0   27   32    2    2    9.82383E-001    3.86442E-012
  414    0   20   44    0   26   34    2    2    1.00001E+000    3.57014E-012
  415    0   22   44    0   21   47    2    2    1.01584E+000    2.61772E-012
  416    0   32   44    0   30   47    2    2    1.01003E+000    2.73301E-012
  417    0   34   44    0   32   47    2    2    1.00471E+000    1.63155E-012
  418    0   18   44    0   24   34    2    2    9.99989E-001    1.15280E-012
  419    0   33   44    0   32   45    2    2    1.03387E+000    2.95576E-015
  420    0   35   44    0   33   47    2    2    9.71783E-001    8.80114E-012
  421    0   35   44    0   34   45    2    2    9.99983E-001    7.17255E-012
  422    0   35   44    0   32   48    2    2    1.03574E+000    6.22785E-013
  423    0   38   44    0   34   48    2    2    9.99982E-001    2.76109E-012
  424    0   38   44    0   32   50    2    2    1.03750E+000    1.96058E-012
  425    0   31   44    0   34   41    2    2    9.99981E-001    8.70338E-013
  426    0   17   47    0    2   45    2    2    7.71338E+000    8.10365E-012
  427    0    7   47    1    2   32    2    3    1.91247E+035    8.20849E-012
  428    0    7   47    0    2   34    2    2    3.83935E-001    1.63793E-011
  429    0   19   47    0   26   34    2    2    9.70206E-001    7.06111E-013
  430    0   20   47    0   27   34    2    2    9.77775E-001    2.23288E-012
  431    0   38   47    0   34   50    2    2    1.03263E+000    3.29036E-013
  432    0   17   24    0   18   23    2    2    1.00003E+000    9.15854E-013
  433    0   24   30    0   17   43    2    2    1.22151E+000    4.40964E-012
  434    0   19   24    0   18   25    2    2    1.00003E+000    1.99829E-012
  435    0   20   24    0   18   26    2    2    1.00002E+000    2.41735E-012
  436    0   24   32    0   18   42    2    2    1.00001E+000   -1.79167E-012
  437    0   24   35    0   18   45    2    2    9.99994E-001    6.01975E-012
  438    0   24   31    0   33   43    2    2    9.69606E-001    1.40112E-011
  439    0    1   43    0    4   33    2    2    1.00079E+000    6.65876E-013
  440    0   17   43    0   23   33    2    2    1.00004E+000    4.30601E-012
  441    0   30   43    0   33   40    2    2    1.00002E+000    6.34127E-013
  442    0    2   43    0    1   45    2    2    2.68226E+000    3.23644E-012
  443    0   19   43    0   25   33    2    2    1.00003E+000    5.38845E-012
  444    0   19   43    0   17   45    2    2    1.07027E+000    4.85274E-012
  445    0   20   43    0   26   33    2    2    1.00003E+000    5.80750E-012
  446    0   20   43    0   19   45    2    2    1.06065E+000    3.47280E-012
  447    0   22   43    0   28   33    2    2    1.00002E+000    2.23603E-012
  448    0   22   43    0   21   45    2    2    1.04534E+000    3.22649E-012
  449    0   32   43    0   33   42    2    2    1.00002E+000    1.59848E-012
  450    0   32   43    0   30   45    2    2    1.03936E+000    3.34178E-012
  451    0   34   43    0   33   44    2    2    1.00002E+000    2.23736E-012
  452    0   34   43    0   32   45    2    2    1.03389E+000    2.24032E-012
  453    0   18   43    0   24   33    2    2    1.00001E+000    3.39016E-012
  454    0   35   43    0   33   45    2    2    1.00000E+000    9.40991E-012
  455    0   38   43    0   35   45    2    2    9.98188E-001    4.37863E-012
  456    0   38   43    0   33   48    2    2    9.99998E-001    4.99845E-012
  457    0   31   43    0   33   41    2    2    9.99997E-001    3.10770E-012
  458    0   17   45    0   25   33    2    2    9.34372E-001    5.35706E-013
  459    0    7   45    0    2   33    2    2    3.73108E-001    1.80079E-011
  460    0   19   45    0   26   33    2    2    9.42846E-001    2.33470E-012
  461    0   20   45    0   27   33    2    2    9.50201E-001    3.86147E-012
  462    0   32   45    0   33   44    2    2    9.67241E-001   -2.95576E-015
  463    0   32   45    0    1   49    2    2    3.58564E+001    7.89769E-013
  464    0   34   45    0   33   47    2    2    9.71799E-001    1.62859E-012
  465    0   35   45    0   33   48    2    2    1.00181E+000    6.19829E-013
  466    0   38   45    0   33   50    2    2    1.00351E+000    1.95763E-012
  467    0   19   48    0   25   38    2    2    1.00004E+000    3.89994E-013
  468    0   19   48    0   26   35    2    2    9.41139E-001    1.71487E-012
  469    0   20   48    0   27   35    2    2    9.48481E-001    3.24164E-012
  470    0   20   48    0   26   38    2    2    1.00003E+000    8.09048E-013
  471    0   22   48    0   21   50    2    2    1.04901E+000    1.85665E-013
  472    0   34   48    0   35   47    2    2    9.70041E-001    1.00876E-012
  473    0   35   48    0   38   45    2    2    1.00000E+000    4.41145E-012
  474    0   35   48    0   33   50    2    2    1.00351E+000    6.36908E-012
  475    0   38   48    0   35   50    2    2    1.00169E+000    1.33780E-012
  476    0   31   48    0   36   45    2    2    1.00472E+000    1.71378E-012
  477    0   19   50    0   26   38    2    2    9.39548E-001    3.77075E-013
  478    0   34   50    0   38   47    2    2    9.68401E-001   -3.29036E-013
  479    0   17   41    0   30   43    2    2    7.93779E-001    6.49389E-012
  480    0   17   41    0   23   31    2    2    1.00004E+000    1.19831E-012
  481    0   19   41    0   25   31    2    2    1.00004E+000    2.28075E-012
  482    0   19   41    0   30   45    2    2    8.49562E-001    1.13466E-011
  483    0   20   41    0   30   48    2    2    9.02723E-001    6.02935E-012
  484    0   20   41    0   26   31    2    2    1.00003E+000    2.69980E-012
  485    0   18   41    0   33   43    2    2    9.69614E-001    1.42937E-011
  486    0   18   41    0   24   31    2    2    1.00001E+000    2.82458E-013
  487    0   35   41    0   33   46    2    2    1.00654E+000    3.49005E-012
  488    0   35   41    0   31   45    2    2    1.00000E+000    6.30221E-012
  489    0   38   41    1   31   45    2    3    4.80925E+035    2.69738E-013
  490    0   38   41    0   31   48    2    2    1.00000E+000    1.89076E-012
  491    0   17   46    0   25   31    2    2    9.28299E-001    3.34786E-012
  492    0   30   46    0   31   42    2    2    9.55898E-001    1.06886E-012
  493    0    2   46    0    6   31    2    2    5.70396E-001    4.33401E-015
  494    0   19   46    0   26   31    2    2    9.36718E-001    5.14686E-012
  495    0   20   46    0   27   31    2    2    9.44026E-001    6.67362E-012
  496    0   32   46    0   31   44    2    2    9.60955E-001    2.80920E-012
  497    0   34   46    0   31   47    2    2    9.65484E-001    4.44075E-012
  498    0   33   46    0   31   45    2    2    9.93501E-001    2.81216E-012
  499    0   35   46    0   31   48    2    2    9.95302E-001    3.43199E-012
  500    0   38   46    0   31   50    2    2    9.96988E-001    4.76978E-012
  501    0   37   46    0   31   49    2    2    1.01262E+000    1.93483E-012
  502    0   17   49    0   25   37    2    2    9.16728E-001    1.41304E-012
  503    0   30   49    0   31   45    2    2    6.83259E-001    3.37006E-013
  504    0   22   49    0   29   37    2    2    9.44173E-001    8.18978E-014
  505    0   34   49    0   37   47    2    2    9.53449E-001    2.50592E-012
  506    0   33   49    0   37   45    2    2    9.81117E-001    8.77329E-013
  507    0    3   23    0   17  101    2    1    2.79004E-041    1.81470E-011
  508    0    3   25    0    1   17    2    2    1.43870E-005    1.15062E-011
  509    0    3   26    0    2   17    2    2    5.68910E-006    1.13235E-011
  510    0    3   26    0    1   19    2    2    1.42577E-005    9.70718E-012
  511    0    3   27    0    1   20    2    2    1.41474E-005    8.18041E-012
  512    0    3   27    0    2   19    2    2    5.59430E-006    8.41677E-012
  513    0    3   27    1    1   19    2    3    7.22954E+030    1.24212E-012
  514    0    3   27    0   21  101    2    1    2.79008E-041    1.57647E-011
  515    0    3   40    0   30  101    2    1    2.79009E-041    2.18189E-011
  516    0    3   28    0    1   21    2    2    1.40520E-005    1.30323E-011
  517    0    3   28    1    1   20    2    3    7.12520E+030    5.44810E-012
  518    0    3   42    0    1   30    2    2    1.39717E-005    1.37852E-011
  519    0    3   29    0    1   22    2    2    1.39688E-005    1.28373E-011
  520    0    3   29    0    2   21    2    2    5.44397E-006    1.28274E-011
  521    0    3   44    0    1   32    2    2    1.38981E-005    1.20448E-011
  522    0    3   44    0    2   30    2    2    5.38542E-006    1.21502E-011
  523    0    3   47    0    1   34    2    2    1.38329E-005    1.04133E-011
  524    0    3   47    1    1   32    2    3    6.89048E+030    2.24251E-012
  525    0    3   24    0   17   17    2    2    8.77611E-007    9.06495E-012
  526    0    3   43    0   17   30    2    2    7.18465E-007    4.65530E-012
  527    0    3   45    0    1   33    2    2    1.34428E-005    1.20419E-011
  528    0    3   48    0    1   35    2    2    1.34185E-005    1.14221E-011
  529    0    3   48    1    1   33    2    3    6.46498E+030    1.04209E-011
  530    0    3   48    0   38  101    2    1    2.79015E-041    1.74545E-011
  531    0    3   50    1    2   33    2    3    2.40184E+030    1.02253E-011
  532    0    3   50    1    1   35    2    3    6.44236E+030    4.05178E-012
  533    0    3   50    0    1   38    2    2    1.33958E-005    1.00843E-011
  534    0    3   41    0   30   30    2    2    5.70303E-007    1.11492E-011
  535    0    3   46    0    1   31    2    2    1.33555E-005    1.48540E-011
  536    0    3   49    0    1   37    2    2    1.31890E-005    1.29192E-011
  537    0    3   49    0   32   33    2    2    3.74907E-007    1.12521E-011
  538    0    2   17    0   20  101    2    1    4.90423E-036    5.32199E-012
  539    0   21   32    0   22   30    2    2    9.94279E-001    1.15291E-013
  540    0    4   38    1    2   43    2    3    1.79156E+035   -5.24880E-013
  541    0    9   17    0    8   23    2    2    9.99863E-001    2.12464E-011
  542    0    9   38    0    8   48    2    2    9.99821E-001    2.19388E-011
  543    0    9   38    8   26   30    2    3    2.26391E+034    1.04132E-011
  601    0    1   35    0   20   30    2    2    4.70811E-002   -6.30221E-012
  602    0    1   39    0   32   34    2    2    3.74399E-002    4.78179E-012
  603    0   17   20    0   19   19    2    2    9.91008E-001   -1.37994E-012
  604    0   19   31    0   32   33    2    2    8.17388E-001    1.11125E-011
  605    0    1   35    0   20   30    2    2    4.70811E-002   -6.30221E-012
  606    0   20   31    1    1   37    2    3    1.46944E+037    5.84134E-012
  607    0   20   31    0    2   37    2    2    1.13707E+001    1.30160E-011
  608    0   20   31    0   33   34    2    2    8.38549E-001    1.23450E-011
  609    0   21   21    0   20   22    2    2    1.00679E+000   -3.99642E-013
  610    0   21   30    1    2   33    2    3    4.01523E+036    4.89143E-012
  611    0   21   32    0    2   38    2    2    8.67761E+000    4.85578E-012
  612    0   21   31    0   34   35    2    2    8.82520E-001    5.76197E-012
  613    0   30   38    1   32   33    2    3    4.62711E+035    3.56518E-014
  614    0   18   31    0   33   33    2    2    9.69611E-001    1.74014E-011
  615    0   35   35    2   33   33    2    3    1.79623E+035    5.17228E-012
  616    0   31   35    0   32   37    2    2    1.38156E+000    6.60845E-012
  617    0   30   32    0    1   31    2    2    2.44992E+001    1.12678E-012
  621    0    6   30    0    1   44    2    2    4.34773E+000    2.69952E-012
  626    0   33   40    0   30   43    2    2    9.99978E-001   -6.34127E-013
  632    0    3   26    1    1   17    2    3    7.35205E+030    4.14882E-012
  633    0    3   29    1    1   21    2    3    7.03527E+030    5.65271E-012
  634    0    3   29    1    2   20    2    3    2.76042E+030    5.24312E-012
  635    0    3   29    2    2   19    2    3    1.09155E+030    5.47948E-012
  636    0    3   44    1    1   30    2    3    6.95961E+030    4.97552E-012
  637    0    3   47    1    2   30    2    3    2.67001E+030    2.34785E-012
  638    0    3   47    0    2   32    2    2    5.33193E-006    9.41717E-012
  640    0    3   49    1   30   33    2    3    1.87738E+029    4.18280E-012
  641    0    4    8    0   11  101    2    1    1.56169E-036    2.90085E-012
  642    0    1   32    0   34  101    2    1    2.00754E-036    8.17078E-012
  643    0    2   19    0   21  101    2    1    4.98735E-036    7.34789E-012
  644    0   17   23    0   24  101    2    1    3.17913E-035    9.08202E-012
  645    0   17   40    0   43  101    2    1    3.88340E-035    1.71635E-011
  701    0    3   59    0   58  101    2    1    2.79017E-041    6.95434E-012
  702    0    2   58    2    3   59    2    3    3.58401E+040   -6.95434E-012
  703    0    3   61    0   60  101    2    1    2.79013E-041    8.23461E-012
  704    0    4   60    0    1   61    2    2    9.99217E-001    1.35525E-011
  705    0    7   61    0    1   60    2    2    1.00077E+000    7.02594E-012
  706    0    6   60    1    2   61    2    3    8.39186E+035    6.61509E-012
  707    0   23   60    0   17   61    2    2    9.99967E-001    9.91236E-012
  708    0   25   60    0   19   61    2    2    9.99972E-001    8.82992E-012
  709    0   27   60    0   21   61    2    2    9.99981E-001    7.53005E-012
  710    0   41   60    0   31   61    2    2    1.00001E+000    1.11107E-011
  711    0   44   60    0   34   61    2    2    9.99991E-001    1.19810E-011
  712    0   47   60    1   34   61    2    3    4.95781E+035    2.17868E-012
  713    0   45   60    0   35   61    2    2    1.00001E+000    4.80846E-012
  714    0   48   60    0   38   61    2    2    1.00001E+000    9.21991E-012
  715    0   50   60    1   38   61    2    3    4.80115E+035    1.84964E-012
  716    0   60   63    0   61   62    2    2    1.00000E+000    4.01601E-012
  717    0    2   60    2    3   61    2    3    3.58406E+040   -8.23461E-012
  718    0    3   63    0   62  101    2    1    2.79014E-041    1.22506E-011
  719    0    4   62    0    1   63    2    2    9.99215E-001    9.53648E-012
  720    0    7   63    0    1   62    2    2    1.00077E+000    1.10420E-011
  721    0    6   62    1    2   63    2    3    8.39184E+035    2.59908E-012
  722    0   23   62    0   17   63    2    2    9.99965E-001    5.89634E-012
  723    0   25   62    0   19   63    2    2    9.99971E-001    4.81390E-012
  724    0   27   62    0   21   63    2    2    9.99979E-001    3.51403E-012
  725    0   29   62    1   22   63    2    3    5.00651E+035    5.86685E-013
  726    0   41   62    0   31   63    2    2    1.00001E+000    7.09465E-012
  727    0   44   62    0   34   63    2    2    9.99989E-001    7.96499E-012
  728    0   47   62    1   34   63    2    3    4.95780E+035   -1.83734E-012
  729    0   45   62    0   35   63    2    2    1.00001E+000    7.92442E-013
  730    0   48   62    0   38   63    2    2    1.00001E+000    5.20390E-012
  801    0    3   53    0   51  101    2    1    2.78963E-041    8.63849E-012
  802    0    7   53    0    1   51    2    2    1.00059E+000    7.42982E-012
  803    0    4   54    0    1   51    2    2    9.99397E-001    2.07970E-011
  804    0    3   51    0   54  101    2    1    2.78963E-041    9.90146E-013
  805    0    4   51    0    1   53    2    2    9.99397E-001    1.31486E-011
  806    0    4   51    1   53  101    2    2    9.99397E-001    1.31486E-011
  807    0    7   51    0    3   52    2    2    6.40546E+004    2.65980E-012
  808    0    1   54    0    3   52    2    2    6.40170E+004    2.87833E-012
  809    0    1   55    0    4   52    2    2    1.00082E+000   -9.51230E-012
  810    0    4   52    0    1   55    2    2    9.99182E-001    9.51230E-012
  811    0    1   52    0    2   51    2    2    4.33305E-001    3.30618E-012
  812    0    1   53    0   55  101    2    1    1.78545E-036    2.32160E-013
  813    0    4   51    0   55  101    2    1    1.78437E-036    1.33808E-011
  814    0    4   52    0    2   53    2    2    4.33044E-001    1.64548E-011
  815    0    3   55    0    1   51    2    2    1.56242E-005    8.40633E-012
  816    0    1   55    0    5   51    2    2    4.33483E-001   -9.13389E-012
  817    0    1   55    0    2   53    2    2    4.33399E-001    6.94250E-012
  818    0    1   51    0   52  101    2    1    1.78583E-036    3.86847E-012
  819    0    5   51    0    4   52    2    2    2.30879E+000   -3.78404E-013
  820    0    4   52    0    5   51    2    2    4.33128E-001    3.78404E-013
  821    0    3   56    0   53  101    2    1    2.79023E-041    1.21191E-010
  822    0    3   57    0   56  101    2    1    2.79023E-041    1.96196E-010
  823    0   16   53    0   12   51    2    2    1.00019E+000    7.42940E-012
  824    0   14   54    0   12   51    2    2    9.99806E-001    2.08029E-011
  825    0    3   51    3    3   53    2    3    3.58471E+040   -8.63849E-012
  826    0    3   53    3    3   56    2    3    3.58393E+040   -1.21191E-010
  827    0    3   56    3    3   57    2    3    3.58393E+040   -1.96196E-010
  828    1    1   51    0    1   52    3    2    1.78583E-036    3.86847E-012
  829    1    2   51    0    2   52    3    2    1.78583E-036    3.86847E-012
  830    0    2   51    2    3   53    2    3    3.58471E+040   -8.63849E-012
  544    0    1  201    0    3    4    1    2   0.0              0.0
  545    0    8  201    0    3    9    1    2   0.0              0.0
  546    0   17  201    0    3   23    1    2   0.0              0.0
  547    0   30  201    0    3   40    1    2   0.0              0.0
  548    0    2  201    1    3    4    1    3   0.0              0.0
  549    0    2  201    0    3    5    1    2   0.0              0.0
  550    0    2  201    0    1    1    1    2   0.0              0.0
  551    0    2  201    0    4    7    1    2   0.0              0.0
  552    0   33  201    0    3   43    1    2   0.0              0.0
  656    0   17  201    0    3   23    1    2   0.0              0.0
  657    0   19  201    0    1   17    1    2   0.0              0.0
  658    0   25  201    0    1   23    1    2   0.0              0.0
  659    0   20  201    0    3   26    1    2   0.0              0.0
  660    0   20  201    0    1   19    1    2   0.0              0.0
  661    0   21  201    0    3   27    1    2   0.0              0.0
  662    0   21  201    0    1   20    1    2   0.0              0.0
  663    0   21  201    0    2   19    1    2   0.0              0.0
  664    0   22  201    0    2   20    1    2   0.0              0.0
  665    0   32  201    0    1   30    1    2   0.0              0.0
  666    0   34  201    0    1   32    1    2   0.0              0.0
  667    0   18  201    0   17   17    1    2   0.0              0.0
  668    0   33  201    0   17   30    1    2   0.0              0.0
  669    0   35  201    0    1   33    1    2   0.0              0.0
  670    0   35  201    0    3   45    1    2   0.0              0.0
  671    0   38  201    0    2   33    1    2   0.0              0.0
  672    0   31  201    0   30   30    1    2   0.0              0.0
  673    0   31  201    0    3   41    1    2   0.0              0.0
  674    0   39  201    0   32   32    1    2   0.0              0.0
  675    0   37  201    0   30   33    1    2   0.0              0.0
  676    0    7  201    0    1    3    1    2   0.0              0.0
  677    0    1  201    0    3    4    1    2   0.0              0.0
  678    0    8  201    0    3    9    1    2   0.0              0.0
  679    0   30  201    0    3   40    1    2   0.0              0.0
  680    0   36  201    0    1   31    1    2   0.0              0.0
  681    0   60  201    0    3   61    1    2   0.0              0.0
  682    0   62  201    0    3   63    1    2   0.0              0.0
  841    0    4   64    0    1   65    2    2     0.0E+00     0.0E+00
  842    0    5   64    1    1   65    2    3     0.0E+00     0.0E+00
  843    0    6   64    1    2   65    2    3     0.0E+00     0.0E+00
  844    0    9   64    0    8   65    2    2     0.0E+00     0.0E+00
  845    0   11   64    1    8   65    2    3     0.0E+00     0.0E+00
  846    0   14   64    0   12   65    2    2     0.0E+00     0.0E+00
  847    0   15   64    1   12   65    2    3     0.0E+00     0.0E+00
  848    0   23   64    0   17   65    2    2     0.0E+00     0.0E+00
  849    0   24   64   17   17   65    2    3     0.0E+00     0.0E+00
  850    0   25   64    1   17   65    2    3     0.0E+00     0.0E+00
  851    0   26   64    2   17   65    2    3     0.0E+00     0.0E+00
  852    0   27   64    2   19   65    2    3     0.0E+00     0.0E+00
  853    0   28   64    1   21   65    2    3     0.0E+00     0.0E+00
  854    0   29   64    2   21   65    2    3     0.0E+00     0.0E+00
  855    0   40   64    0   30   65    2    2     0.0E+00     0.0E+00
  856    0   41   64   30   30   65    2    3     0.0E+00     0.0E+00
  857    0   42   64    1   30   65    2    3     0.0E+00     0.0E+00
  858    0   43   64   17   30   65    2    3     0.0E+00     0.0E+00
  859    0   44   64    2   30   65    2    3     0.0E+00     0.0E+00
  860    0   45   64    1   33   65    2    3     0.0E+00     0.0E+00
  861    0   46   64    1   31   65    2    3     0.0E+00     0.0E+00
  862    0   47   64    2   32   65    2    3     0.0E+00     0.0E+00
  863    0   48   64    0   38   65    2    2     0.0E+00     0.0E+00
  864    0   49   64    32  33   65    2    3     0.0E+00     0.0E+00
  865    0   50   64    1   38   65    2    3     0.0E+00     0.0E+00
  866    0   53   64    0   51   65    2    2     0.0E+00     0.0E+00
  867    0   55   64    1   51   65    2    3     0.0E+00     0.0E+00
  868    0   59   64    0   58   65    2    2     0.0E+00     0.0E+00
  869    0   61   64    0   60   65    2    2     0.0E+00     0.0E+00
  870    0   63   64    0   62   65    2    2     0.0E+00     0.0E+00
  871    0   10   64    0    8   66    2    2     0.0E+00     0.0E+00
  872    0   56   64    0   51   66    2    2     0.0E+00     0.0E+00
  873    0    3   64    0    0   67    2    1     0.0E+00     0.0E+00
  874    0    7   64    0    1   67    2    2     0.0E+00     0.0E+00
  875    0   16   64    0   12   67    2    2     0.0E+00     0.0E+00
  876    0   54   64    0   51   67    2    2     0.0E+00     0.0E+00
  877    0    4   65    0    1   66    2    2     0.0E+00     0.0E+00
  878    0    5   65    1    1   66    2    3     0.0E+00     0.0E+00
  879    0    6   65    1    2   66    2    3     0.0E+00     0.0E+00
  880    0    9   65    0    8   66    2    2     0.0E+00     0.0E+00
  881    0   11   65    1    8   66    2    3     0.0E+00     0.0E+00
  882    0   14   65    0   12   66    2    2     0.0E+00     0.0E+00
  883    0   15   65    1   12   66    2    3     0.0E+00     0.0E+00
  884    0   23   65    0   17   66    2    2     0.0E+00     0.0E+00
  885    0   24   65   17   17   66    2    3     0.0E+00     0.0E+00
  886    0   25   65    1   17   66    2    3     0.0E+00     0.0E+00
  887    0   26   65    2   17   66    2    3     0.0E+00     0.0E+00
  888    0   27   65    2   19   66    2    3     0.0E+00     0.0E+00
  889    0   28   65    1   21   66    2    3     0.0E+00     0.0E+00
  890    0   29   65    2   21   66    2    3     0.0E+00     0.0E+00
  891    0   40   65    0   30   66    2    2     0.0E+00     0.0E+00
  892    0   41   65   30   30   66    2    3     0.0E+00     0.0E+00
  893    0   42   65    1   30   66    2    3     0.0E+00     0.0E+00
  894    0   43   65   17   30   66    2    3     0.0E+00     0.0E+00
  895    0   44   65    2   30   66    2    3     0.0E+00     0.0E+00
  896    0   45   65    1   33   66    2    3     0.0E+00     0.0E+00
  897    0   46   65    1   31   66    2    3     0.0E+00     0.0E+00
  898    0   47   65    2   32   66    2    3     0.0E+00     0.0E+00
  899    0   48   65    0   38   66    2    2     0.0E+00     0.0E+00
  900    0   49   65   32   33   66    2    3     0.0E+00     0.0E+00
  901    0   50   65    1   38   66    2    3     0.0E+00     0.0E+00
  902    0   53   65    0   51   66    2    2     0.0E+00     0.0E+00
  903    0   55   65    1   51   66    2    3     0.0E+00     0.0E+00
  904    0   59   65    0   58   66    2    2     0.0E+00     0.0E+00
  905    0   61   65    0   60   66    2    2     0.0E+00     0.0E+00
  906    0   63   65    0   62   66    2    2     0.0E+00     0.0E+00
  907    0    3   65    0    0   64    2    1     0.0E+00     0.0E+00
  908    0    7   65    0    1   64    2    2     0.0E+00     0.0E+00
  909    0   16   65    0   12   64    2    2     0.0E+00     0.0E+00
  910    0   54   65    0   51   64    2    2     0.0E+00     0.0E+00
  911    0    3   66    0    0   65    2    1     0.0E+00     0.0E+00
  912    0    7   66    0    1   65    2    2     0.0E+00     0.0E+00
  913    0   16   66    0   12   65    2    2     0.0E+00     0.0E+00
  914    0   54   66    0   51   65    2    2     0.0E+00     0.0E+00
  915    0    4   67    0    1   64    2    2     0.0E+00     0.0E+00
  916    0    5   67    1    1   64    2    3     0.0E+00     0.0E+00
  917    0    6   67    1    2   64    2    3     0.0E+00     0.0E+00
  918    0    9   67    0    8   64    2    2     0.0E+00     0.0E+00
  919    0   11   67    1    8   64    2    3     0.0E+00     0.0E+00
  920    0   14   67    0   12   64    2    2     0.0E+00     0.0E+00
  921    0   15   67    1   12   64    2    3     0.0E+00     0.0E+00
  922    0   23   67    0   17   64    2    2     0.0E+00     0.0E+00
  923    0   24   67   17   17   64    2    3     0.0E+00     0.0E+00
  924    0   25   67    1   17   64    2    3     0.0E+00     0.0E+00
  925    0   26   67    2   17   64    2    3     0.0E+00     0.0E+00
  926    0   27   67    2   19   64    2    3     0.0E+00     0.0E+00
  927    0   28   67    1   21   64    2    3     0.0E+00     0.0E+00
  928    0   29   67    2   21   64    2    3     0.0E+00     0.0E+00
  929    0   40   67    0   30   64    2    2     0.0E+00     0.0E+00
  930    0   41   67   30   30   64    2    3     0.0E+00     0.0E+00
  931    0   42   67    1   30   64    2    3     0.0E+00     0.0E+00
  932    0   43   67   17   30   64    2    3     0.0E+00     0.0E+00
  933    0   44   67    2   30   64    2    3     0.0E+00     0.0E+00
  934    0   45   67    1   33   64    2    3     0.0E+00     0.0E+00
  935    0   46   67    1   31   64    2    3     0.0E+00     0.0E+00
  936    0   47   67    2   32   64    2    3     0.0E+00     0.0E+00
  937    0   48   67    0   38   64    2    2     0.0E+00     0.0E+00
  938    0   49   67   32   33   64    2    3     0.0E+00     0.0E+00
  939    0   50   67    1   38   64    2    3     0.0E+00     0.0E+00
  940    0   53   67    0   51   64    2    2     0.0E+00     0.0E+00
  941    0   55   67    1   51   64    2    3     0.0E+00     0.0E+00
  942    0   59   67    0   58   64    2    2     0.0E+00     0.0E+00
  943    0   61   67    0   60   64    2    2     0.0E+00     0.0E+00
  944    0   63   67    0   62   64    2    2     0.0E+00     0.0E+00
  945    0   10   67    0    8   65    2    2     0.0E+00     0.0E+00
  946    0   56   67    0   51   65    2    2     0.0E+00     0.0E+00
  947    0    3   67    0    0   68    2    1     0.0E+00     0.0E+00
  948    0    7   67    0    1   68    2    2     0.0E+00     0.0E+00
  949    0   16   67    0   12   68    2    2     0.0E+00     0.0E+00
  950    0   54   67    0   51   68    2    2     0.0E+00     0.0E+00
  951    0    4   68    0    1   67    2    2     0.0E+00     0.0E+00
  952    0    5   68    1    1   67    2    3     0.0E+00     0.0E+00
  953    0    6   68    1    2   67    2    3     0.0E+00     0.0E+00
  954    0    9   68    0    8   67    2    2     0.0E+00     0.0E+00
  955    0   11   68    1    8   67    2    3     0.0E+00     0.0E+00
  956    0   14   68    0   12   67    2    2     0.0E+00     0.0E+00
  957    0   15   68    1   12   67    2    3     0.0E+00     0.0E+00
  958    0   23   68    0   17   67    2    2     0.0E+00     0.0E+00
  959    0   24   68   17   17   67    2    3     0.0E+00     0.0E+00
  960    0   25   68    1   17   67    2    3     0.0E+00     0.0E+00
  961    0   26   68    2   17   67    2    3     0.0E+00     0.0E+00
  962    0   27   68    2   19   67    2    3     0.0E+00     0.0E+00
  963    0   28   68    1   21   67    2    3     0.0E+00     0.0E+00
  964    0   29   68    2   21   67    2    3     0.0E+00     0.0E+00
  965    0   40   68    0   30   67    2    2     0.0E+00     0.0E+00
  966    0   41   68   30   30   67    2    3     0.0E+00     0.0E+00
  967    0   42   68    1   30   67    2    3     0.0E+00     0.0E+00
  968    0   43   68   17   30   67    2    3     0.0E+00     0.0E+00
  969    0   44   68    2   30   67    2    3     0.0E+00     0.0E+00
  970    0   45   68    1   33   67    2    3     0.0E+00     0.0E+00
  971    0   46   68    1   31   67    2    3     0.0E+00     0.0E+00
  972    0   47   68    2   32   67    2    3     0.0E+00     0.0E+00
  973    0   48   68    0   38   67    2    2     0.0E+00     0.0E+00
  974    0   49   68   32   33   67    2    3     0.0E+00     0.0E+00
  975    0   50   68    1   38   67    2    3     0.0E+00     0.0E+00
  976    0   53   68    0   51   67    2    2     0.0E+00     0.0E+00
  977    0   55   68    1   51   67    2    3     0.0E+00     0.0E+00
  978    0   59   68    0   58   67    2    2     0.0E+00     0.0E+00
  979    0   61   68    0   60   67    2    2     0.0E+00     0.0E+00
  980    0   63   68    0   62   67    2    2     0.0E+00     0.0E+00
  981    0   10   68    0    8   64    2    2     0.0E+00     0.0E+00
  982    0   56   68    0   51   64    2    2     0.0E+00     0.0E+00
  983    0    0   68    0    3   67    1    2     0.0E+00     0.0E+00
  984    0    0   67    0    3   64    1    2     0.0E+00     0.0E+00
  985    0    0   64    0    3   65    1    2     0.0E+00     0.0E+00
  986    0    0   65    0    3   66    1    2     0.0E+00     0.0E+00
  987    0   65   67    0   64   64    2    2     0.0E+00     0.0E+00
  988    0   65   68    0   64   67    2    2     0.0E+00     0.0E+00
  989    0   66   68    0   64   64    2    2     0.0E+00     0.0E+00
  990    0   66   67    0   64   65    2    2     0.0E+00     0.0E+00
